jaccard,bleu_1,bleu_2,bleu_3,bleu_4,meteor,rouge_1,rouge_2,rouge_l,sent_count_diff,sent_count_ratio,avg_sent_len_diff,avg_sent_len_ratio,pos_distrib_similarity
0.6459627329192547,0.6453862139281261,0.5358210896882604,0.4537514220097387,0.37547377589772746,0.5820984796572763,0.5820895472419,0.4214711679709418,0.5771144228637906,4,1.2857142857142858,6.023809523809524,0.724400871459695,0.9936190762761129
0.39436619718309857,0.5,0.3057710499039266,0.20038391455692114,0.12616151043094467,0.41959361728950384,0.41249999500078127,0.1515151465233141,0.3749999950007813,1,0.9,1.4777777777777779,1.1201445347786811,0.9872939709517242
0.5391304347826087,0.5241935483870968,0.3627381250550058,0.26122962203110595,0.17684419463893086,0.3977252693068449,0.4097222172231868,0.16853932085847761,0.3958333283342979,2,0.8181818181818182,5.464646464646467,1.2473708276177413,0.94180196366996
0.43661971830985913,0.46616541353383456,0.2911311524300391,0.1760429739480991,0.044669714270223794,0.4064439967414157,0.40963854921759324,0.1818181768186921,0.40963854921759324,2,1.1666666666666667,0.5,0.95,0.9342138977933672
0.19327731092436976,0.273741798635242,0.19719135299906312,0.15293273328910786,0.11731527409914914,0.2772547684264819,0.33620689165911116,0.16949152066647527,0.33620689165911116,0,1.0,8.555555555555555,0.641860465116279,0.8871950010669116
0.33043478260869563,0.22253458591593112,0.13264519619465184,0.09059796135531487,0.04996938887331749,0.2127467501203659,0.30697673946738785,0.11070110235427097,0.2883720883045971,12,0.07692307692307693,134.53846153846155,9.172897196261683,0.8985586164192737
0.4117647058823529,0.6393966493249508,0.5476245927981346,0.46315765244067475,0.38434483955281173,0.6235861383209906,0.6582278431301075,0.44444443948576673,0.6329113874339048,0,1.0,1.9000000000000004,0.8602941176470588,0.9797961070140729
0.4090909090909091,0.39436619718309857,0.27984612693364946,0.20646888010051004,0.13795408616698765,0.40660390617054964,0.3924050583712547,0.19889502265010237,0.3924050583712547,2,1.2222222222222223,0.5757575757575744,1.0466830466830466,0.8409460577713468
0.6557377049180327,0.7,0.5753327315023755,0.48440865564008656,0.40589495735525655,0.7451344264564584,0.65359476624717,0.45989304313191687,0.65359476624717,2,0.8181818181818182,4.171717171717171,1.4060963618485742,0.9790576516781099
0.3185840707964602,0.21153846153846154,0.1278085143291179,0.0880024891126846,0.062005397865446836,0.31209239440026965,0.2392344449531834,0.09486165529847389,0.2392344449531834,4,1.4,6.471428571428573,1.5348288075560805,0.8156458461608538
0.42342342342342343,0.3362573099415205,0.20107154084659343,0.12908372855077135,0.07389420492148316,0.27980456509393364,0.2971014443131695,0.09264304677560926,0.2826086906899812,20,2.4285714285714284,8.22689075630252,0.550091911764706,0.7886574840045053
0.31645569620253167,0.5620915032679739,0.3846021537244257,0.29007817004304665,0.22019853718553753,0.47793586611767985,0.41290322080665975,0.19895287458238547,0.39999999500020816,3,1.25,1.8833333333333346,0.8441379310344826,0.8980234747984671
0.6455696202531646,0.5459460351774892,0.43250121220568083,0.34458731333250725,0.27460834892139685,0.5159800903513142,0.6486486436604822,0.3589743539875083,0.6486486436604822,3,0.8125,0.6105769230769234,1.0495900039047248,0.9428238430890696
0.7227722772277227,0.6410256410256411,0.46914245245500763,0.3632576722871034,0.268948875444559,0.7021014400802016,0.6693877501121199,0.3703703653772291,0.6693877501121199,10,1.5,1.0499999999999998,0.8813559322033898,0.9279219591792927
0.4098360655737705,0.5058195508434115,0.38074100399074406,0.2864273133525118,0.21556467457171583,0.4059376012560645,0.4684014820254005,0.2456140301261928,0.4460966493116458,7,1.7,13.029411764705882,0.5262032085561498,0.9837801214956162
0.4351145038167939,0.5606694560669456,0.388288883556602,0.2794376483089189,0.1942320401931906,0.47928076207618336,0.46938775010782546,0.19199999501027573,0.45578230793095476,6,1.5454545454545454,7.304812834224599,0.6580725907384231,0.9590413611691547
0.4270833333333333,0.520158199344177,0.3654505992783677,0.2662159629028221,0.1962557969318219,0.4007181328545781,0.455696197538856,0.1993569082060774,0.43037974184265343,5,1.5,7.566666666666668,0.6606875934230194,0.9573796364112638
0.3698630136986301,0.38836434119780167,0.2401900799972929,0.16221952649683255,0.10999945427623181,0.34278865925702356,0.3851851803061728,0.11920529317310664,0.37037036549135804,6,0.45454545454545453,6.199999999999999,1.6199999999999999,0.9587156254075878
0.5,0.6126724021121681,0.5293580813039294,0.46170213025538653,0.4034000702488163,0.5911515433198312,0.640624995,0.4402515673272418,0.640624995,12,0.3333333333333333,10.61111111111111,2.705357142857143,0.9435302997231229
0.5327102803738317,0.6065573770491803,0.4654327391368398,0.37275537038909595,0.2999870563822846,0.5851038018628046,0.5702127609618834,0.3356643306643357,0.5702127609618834,1,0.9090909090909091,2.2090909090909108,1.1372881355932205,0.9837545980768544
0.22330097087378642,0.22152807461351484,0.12834885304671836,0.08520381099147861,0.05519246761497882,0.1999575388933265,0.2719298198214836,0.06315789006488184,0.236842100523238,9,0.1,120.3,6.299559471365639,0.9337387319328145
0.6310679611650486,0.5728155339805825,0.46983353141436984,0.3941166457604541,0.32699964192050923,0.5686308316783996,0.5634920584920635,0.3684210476335268,0.5634920584920635,13,1.9285714285714286,6.013227513227513,0.5592398681403917,0.9694538692597254
0.7307692307692307,0.49224806201550386,0.39388365138678855,0.3349759091891015,0.2845877563226257,0.5888778655706339,0.5918367297022075,0.39843749500488285,0.5918367297022075,7,1.7,4.223529411764705,0.782292298362644,0.8400026779355113
0.5869565217391305,0.6174863387978142,0.48032195611782486,0.3745047042270014,0.27434746168375435,0.7640689912158057,0.568306005929111,0.34905659877402995,0.568306005929111,1,0.9444444444444444,2.9869281045751643,1.3840336134453783,0.9173321437318057
0.4413793103448276,0.44047619047619047,0.30981343401281297,0.23278880657163017,0.16804300552867227,0.4373817677295534,0.46625766371240923,0.23310022811004083,0.4601226943872559,5,1.2777777777777777,0.7198067632850229,1.0518260869565217,0.9147428158047662
0.4444444444444444,0.4,0.2533443922584931,0.1694527056140478,0.10153972130701779,0.3595996578007603,0.4122137354722919,0.14754097861387336,0.3740457965409941,7,1.5384615384615385,3.03846153846154,0.8520599250936329,0.8222943459014349
0.4482758620689655,0.5571189323229045,0.4281577702722585,0.330283105594282,0.23295489820411996,0.48557009628054587,0.47863247364161005,0.27067668673638984,0.46153845654759296,2,0.8,1.5250000000000004,1.177325581395349,0.9908312795207468
0.5816326530612245,0.7040919171527523,0.5680746795580955,0.4654442366525425,0.3823740152016331,0.620854991077922,0.6301369813014741,0.4106463828362417,0.62100456121015,3,0.85,1.3735294117647072,1.1625478593804388,0.984346475578013
0.4444444444444444,0.4065573770491803,0.3167048854523247,0.2583545874568623,0.19792333375290624,0.5090949423247559,0.4462809868461854,0.2829581944810331,0.438016524036268,8,1.6153846153846154,0.1684981684981679,0.9885315382697583,0.89830941742565
0.3274336283185841,0.34403669724770647,0.1824660898008104,0.1096554412820175,0.048937358836591685,0.35912254622747675,0.35406698071747444,0.1302681943042529,0.33492822473661327,9,1.9,2.4263157894736853,0.825444907232109,0.9377176124469219
0.4578313253012048,0.4367816091954023,0.3217370302438379,0.2503493727353668,0.1994906353574037,0.5033916849015317,0.4148936120263695,0.25454544954545455,0.4148936120263695,1,1.0909090909090908,2.4090909090909083,1.199248120300752,0.8981372826337862
0.42857142857142855,0.41916167664670656,0.26110706465666716,0.17356429974146212,0.11088305317660883,0.3260694227131019,0.3853210959191147,0.1311475359839427,0.3669724720659036,11,3.2,20.3625,0.33887987012987014,0.9686595552634617
0.7397260273972602,0.7400242875163567,0.6155846946475394,0.5107024804220532,0.4243452337129035,0.7248129235875863,0.6666666616794205,0.4588744538820487,0.6363636313763903,2,1.1666666666666667,3.2619047619047628,0.7724252491694351,0.9899511473248197
0.5051546391752577,0.4759036144578313,0.339662440081176,0.2600534421025082,0.18776473187384535,0.41344711499170894,0.4043715797067694,0.12962962465706465,0.37158469446086784,6,2.0,11.999999999999998,0.535483870967742,0.8629115729979283
0.5185185185185185,0.6308077371082754,0.5074735972957354,0.41238095911013495,0.32346953723129696,0.6129807692307693,0.6007067087859757,0.3964496991595182,0.6007067087859757,0,1.0,0.7692307692307683,0.952153110047847,0.9932412063937761
0.35294117647058826,0.25,0.14744195615489714,0.059225851669068304,0.020268178404199994,0.22227048942948166,0.2253521076800239,0.04999999501953174,0.1971830935955169,6,0.4,17.5,2.5217391304347827,0.9114526744011666
0.4090909090909091,0.4849531034578389,0.3678100254754286,0.2757930424358801,0.19475446143669461,0.39239576919630337,0.5041322264923845,0.24827585716409042,0.5041322264923845,4,0.75,0.3958333333333339,1.0324786324786326,0.9800136095303782
0.6582278481012658,0.6158940397350994,0.4975794526046158,0.4160901553027858,0.3323446374255622,0.5170232652929964,0.5526315739489075,0.3725490146097655,0.5350877142997846,2,1.105263157894737,0.5664160401002505,0.9621059691482227,0.9217175051196594
0.40540540540540543,0.3536896022232378,0.22035155502670947,0.14795241578860724,0.09367385029893288,0.2831985252969853,0.4318181769217746,0.1588235245572666,0.371212116315714,11,0.26666666666666666,30.566666666666666,2.704460966542751,0.9536962502299435
0.803030303030303,0.8125,0.7174434687764969,0.6520144760047847,0.595730929314226,0.7993804411686162,0.7699530466485928,0.5846153796165682,0.7699530466485928,6,1.4,3.3238095238095244,0.7333842627960274,0.9891597546449127
0.3125,0.4462809917355372,0.2924674171299166,0.19619170705042868,0.12493856127165377,0.4979128335515622,0.4107142808434312,0.16666666173472236,0.37499999512914545,0,1.0,3.4000000000000004,1.3908045977011494,0.9085955863516182
0.7228915662650602,0.680952380952381,0.562174439343009,0.4728048944053847,0.3871305853651865,0.7834790136733996,0.6893203833570554,0.5263157844782068,0.6893203833570554,3,0.8333333333333334,4.277777777777779,1.4400000000000002,0.9587607129841316
0.6206896551724138,0.6492122662884019,0.5492961861885077,0.47253431172206894,0.4061727463714304,0.5886168129483783,0.6845637534273231,0.4772727223043647,0.6845637534273231,6,0.5384615384615384,5.340659340659341,1.5785714285714287,0.9764933024009188
0.391304347826087,0.43333333333333335,0.26419435595432544,0.15176286635887407,0.08186514098878168,0.36384840848431604,0.4205128155161079,0.14545454045619852,0.4102564052596976,3,1.2727272727272727,1.3766233766233782,0.8861439312567131,0.9313364418638754
0.36538461538461536,0.28345445891720245,0.14546693984918116,0.0736454820215252,0.0427310926629076,0.2478176262527839,0.345454540692562,0.10447760715861015,0.32727272251074385,7,0.5882352941176471,1.988235294117647,1.1601895734597156,0.9164970938465239
0.6785714285714286,0.8196834912095897,0.7273710934644775,0.6580883703321958,0.5978982378801089,0.8238379963898917,0.7581699296424452,0.5977011444279298,0.7058823479430989,0,1.0,0.1999999999999993,0.981981981981982,0.995089869383385
0.5373134328358209,0.40764331210191085,0.2342542662247328,0.14427928825667385,0.06548670609695857,0.4607419267747597,0.434210521346953,0.09302325083085478,0.38157894239958456,2,0.8333333333333334,6.949999999999999,1.7942857142857143,0.8901329991072977
0.34234234234234234,0.30864197530864196,0.17856231848145138,0.11919154955218783,0.08529147898720135,0.43990270954882743,0.3743842315552428,0.13877550531811764,0.36453201480647435,4,1.4,4.857142857142858,1.3885714285714286,0.8447367623283552
0.3619047619047619,0.3557312252964427,0.21583292365085785,0.14023215288879437,0.09235532335938164,0.324107239864486,0.38392856642897005,0.14532871472803263,0.38392856642897005,1,1.0769230769230769,3.2252747252747263,1.2172464840858623,0.835786943798966
0.3963963963963964,0.3575949367088608,0.22851742379894505,0.15931994683427533,0.09617177513080026,0.4005760583346338,0.36781608698639195,0.14024389749275004,0.32950191074118124,6,1.5,0.027777777777775015,0.9984202211690365,0.9145571656267524
0.7662337662337663,0.8297872340425532,0.7236083586965499,0.6402993646487631,0.5534090753081838,0.8479756125223288,0.8235294067656271,0.57915057415125,0.8054298592543151,0,1.0,0.5714285714285712,1.0444444444444445,0.9851145717823108
0.6621621621621622,0.7407407407407407,0.6541263619871277,0.5859000884408484,0.5205620237532811,0.7609780439121758,0.7486033469629537,0.5887445837491802,0.7486033469629537,2,1.2222222222222223,1.8282828282828305,0.8895668090298962,0.9684636614775981
0.5214285714285715,0.3747412008281574,0.2349477970569356,0.15555450485280609,0.08775099112662048,0.33928885042978285,0.30722891066555386,0.08095237595521573,0.2951807178944695,1,0.9523809523809523,8.578571428571427,1.5509174311926606,0.8844784126432327
0.7017543859649122,0.7874015748031497,0.6707784709055377,0.5859783887467153,0.5088732572127893,0.8117858994732198,0.7167630007818504,0.5418719161823875,0.7167630007818504,2,0.8181818181818182,3.1111111111111107,1.2828282828282829,0.9941934126383117
0.525,0.6027397260273972,0.4513141468426321,0.3563246290134295,0.2832762002170903,0.6135946839901796,0.562499995,0.2894736792166821,0.531249995,0,1.0,0.8333333333333321,1.0735294117647058,0.9882593293010468
0.4155844155844156,0.3765234841623935,0.19540565223285028,0.07056757637582668,0.023025215719703673,0.26436695387885734,0.28776977921639674,0.02484471559893619,0.2733812900077636,6,0.45454545454545453,9.472727272727273,1.883050847457627,0.9550660000904138
0.4117647058823529,0.25831419320192966,0.1535756992963638,0.09387024245697942,0.056054824085959534,0.19622907614045285,0.3430962295029849,0.12707181852736504,0.33472802866616486,3,0.8421052631578947,6.463815789473685,0.6997249388753056,0.9380858463416066
0.5132743362831859,0.676197870045004,0.5350015791756395,0.44306979861814816,0.37449176032604026,0.612463418349133,0.553191484362118,0.34562211481609295,0.5410334296508718,1,1.0909090909090908,2.583333333333332,0.8966666666666667,0.9979622836444597
0.5227272727272727,0.43621399176954734,0.2910657079344936,0.20098699093049024,0.14022951486158242,0.49095332577475437,0.5233644809817452,0.25179855615340824,0.4859813034116517,10,1.9090909090909092,3.428571428571429,0.7714285714285715,0.8514765608673233
0.7714285714285715,0.6233438443861012,0.4773902289598785,0.3605769483549514,0.2696267133927052,0.5535629802296469,0.5617977478399193,0.3063063013067121,0.5617977478399193,1,0.9,0.24444444444444446,1.0339506172839505,0.9877068476856851
0.27325581395348836,0.33687943262411346,0.17655123608080953,0.11259065978348096,0.07321127102210488,0.2440860625909752,0.27414329722149444,0.09022555891508247,0.2679127676264788,12,2.0,11.083333333333332,0.5145985401459854,0.9360915678360654
0.36551724137931035,0.4050632911392405,0.27073449534193644,0.1831522217689156,0.1293186367598191,0.37518392437978737,0.3846153796155901,0.15584415084499934,0.3717948667950773,4,1.2222222222222223,1.1414141414141419,1.0863254392666157,0.9197948119784712
0.18285714285714286,0.25405405405405407,0.12024292411540986,0.06683313943006175,0.029422244746181037,0.25648479972695576,0.2554517084422706,0.06075948874167642,0.2429906492522395,13,2.0,1.9230769230769234,0.8809523809523809,0.8928201965861239
0.29333333333333333,0.36837910949342817,0.2584021056950647,0.18898293187527263,0.1387470120367191,0.3184744214979175,0.40366971979126337,0.1941747523695815,0.3669724720848414,6,0.5714285714285714,4.339285714285715,1.2585106382978724,0.9609762809117033
0.4727272727272727,0.5536485977146612,0.4121328843868027,0.3333965930369673,0.27143882523485874,0.4606710509904398,0.5355648486406052,0.30959751832568133,0.5271966478037851,2,1.1111111111111112,2.894444444444444,0.7996153846153846,0.9744954630652835
0.5737704918032787,0.5405405405405406,0.3903000798541455,0.2853198272800593,0.2077673878866292,0.5665705750418836,0.37398373484037284,0.18918918419284161,0.37398373484037284,1,0.9,2.833333333333334,1.2982456140350878,0.9494504169559246
0.3,0.34459459459459457,0.21104368599079257,0.13144124700643262,0.07366954306294596,0.22982730763906434,0.24444443945987668,0.046728966978339254,0.24444443945987668,3,1.2727272727272727,2.246753246753247,0.8247213779128673,0.9082740864591512
0.58,0.4444444444444444,0.2809757434745082,0.1875809995664422,0.11373068954939963,0.4464064728597847,0.4193548337148804,0.1891891841901024,0.4193548337148804,1,1.0909090909090908,2.3863636363636367,1.230263157894737,0.9432338002381385
0.524390243902439,0.5602409638554217,0.43992929831245736,0.3739201120898673,0.32075277549022563,0.45781463805359945,0.4952380902421769,0.3269961927192818,0.48571428071836736,3,1.2727272727272727,3.233766233766234,0.7857142857142857,0.9555290513577274
0.6197183098591549,0.6904761904761905,0.55118919057754,0.4568334409844912,0.37089377831565457,0.7141028952108498,0.596026485103285,0.38418078598742383,0.5695364188781195,3,0.75,4.333333333333334,1.4482758620689655,0.9393467260231491
0.515625,0.6139968193815439,0.5547614812395352,0.5161652124103354,0.47909343043394204,0.5942314337134539,0.5074626815849855,0.41249999502812507,0.5074626815849855,1,1.0909090909090908,2.333333333333334,0.8333333333333333,0.9430208566587789
0.28,0.3983201607389857,0.24242229770011833,0.15322480751415612,0.07296495833839228,0.2904903901333185,0.34615384118343206,0.1581920854084077,0.32051281554240635,4,0.6666666666666666,4.875,1.475609756097561,0.9613645401674471
0.35294117647058826,0.48514851485148514,0.38684337993683643,0.32171988398411117,0.2639029495100073,0.4716752554920653,0.44176706327317306,0.28196720811523796,0.44176706327317306,11,1.9166666666666667,5.967391304347826,0.5954310980103169,0.9634901708490116
0.22105263157894736,0.2285609658087749,0.10139558936979244,0.05731782364624326,0.01778652907028435,0.16742312409573962,0.23333332836358034,0.057971009534878715,0.199999995030247,14,0.2222222222222222,19.97222222222222,3.152694610778443,0.9456106578275475
0.37777777777777777,0.4852622682234843,0.3570209907761936,0.2844749807864403,0.22657692120351552,0.37842500351395036,0.46586344886566344,0.2700964580858346,0.44979919183755107,8,1.6666666666666667,8.2,0.5380281690140846,0.9659276374899762
0.4107142857142857,0.3811659192825112,0.2112842957005169,0.11472161887208192,0.050350568727040815,0.3420897527627617,0.4120171623828031,0.11552346070455781,0.40343347139567876,6,1.5,1.5277777777777768,0.8902195608782436,0.8046028101531159
0.37349397590361444,0.35384615384615387,0.22177296765667628,0.13446058286759857,0.08167777702120889,0.3875228134759604,0.3820224669258932,0.1825726091121022,0.3707865118697134,1,1.0434782608695652,3.659420289855073,1.5101010101010102,0.8705084607340005
0.46621621621621623,0.4166666666666667,0.26396344464997934,0.17827798560055735,0.11298513310816048,0.4492738136951654,0.36065573270497187,0.17741934983928792,0.34754097860661115,5,1.4545454545454546,1.25,0.9375,0.8913330155356503
0.6494845360824743,0.7035175879396985,0.6137023935808865,0.54472094570367,0.47710377272257626,0.7078216302877307,0.6692606953952368,0.5139318835460899,0.6303501895586612,1,1.0833333333333333,0.9423076923076916,0.9420118343195266,0.983986459280212
0.43119266055045874,0.32764505119453924,0.18347251236618392,0.09071144633192611,0.039332411111791823,0.3483003064351379,0.3290043240051724,0.0999999950035558,0.29437228937313775,7,1.4375,1.1766304347826093,1.1017626321974148,0.818405624233303
0.44761904761904764,0.5208333333333334,0.4042788920957193,0.32869962585025614,0.26093912595452506,0.48293669469137673,0.5182186184857973,0.33639143231115975,0.5182186184857973,6,1.4285714285714286,2.3571428571428577,0.835820895522388,0.9697495630275067
0.5454545454545454,0.588653055734263,0.44042998257267046,0.3336524081512813,0.25856798372596224,0.4365242161388861,0.4509803871957901,0.21757321682113417,0.4411764656271626,1,0.9444444444444444,0.29411764705882426,1.0294117647058825,0.9469034909583208
0.42424242424242425,0.40498442367601245,0.23328047910501246,0.1534223802360508,0.11070678949177533,0.31505150543975774,0.367088602595137,0.12468827431545845,0.36075948867108637,7,1.4666666666666666,3.0090909090909097,0.8290289256198347,0.8679808439295006
0.45569620253164556,0.6906856494922854,0.5492960593149296,0.44408937119518466,0.3525039344071813,0.6521883968839689,0.6436781559221826,0.40758293338873797,0.6321839030486195,2,0.8571428571428571,1.2023809523809526,1.1237745098039216,0.9952768216654213
0.4146341463414634,0.5807702540527261,0.45690851789401604,0.3793848140120822,0.30840901677182586,0.5372514616384112,0.5471698063211998,0.35636363136687604,0.5471698063211998,1,0.9,1.4333333333333336,1.080074487895717,0.9851417817561142
0.5568181818181818,0.6052631578947368,0.4826688466138654,0.3951911065720371,0.32349848638144985,0.7673699118440053,0.6446280942077044,0.4285714235849216,0.6198347057779523,11,1.6875,2.335648148148149,0.8083570750237417,0.9537298562893947
0.44871794871794873,0.5222116518882447,0.4076764193891041,0.31616196476552694,0.24224187823134571,0.48922244431903894,0.5913978444675686,0.33620689156510114,0.5698924681234826,1,0.9,1.8888888888888893,0.8819444444444444,0.9875898062927889
0.37383177570093457,0.3,0.211329586605277,0.15855986547836431,0.11839441375619379,0.46709180043260473,0.3410138201609718,0.19047618572582498,0.3410138201609718,7,1.5833333333333333,5.065789473684209,1.4502923976608186,0.8146104675932749
0.6666666666666666,0.5545851528384279,0.4271174622882892,0.3484743858714809,0.2802220868221688,0.754999076232904,0.5024630492407,0.3426294771295694,0.5024630492407,6,1.4,0.8380952380952387,1.0832544938505204,0.9373690799134156
0.358695652173913,0.37383177570093457,0.2369863293379982,0.15770620890832623,0.07700103733719031,0.3299289695092665,0.28717948223747536,0.11940298013728022,0.28717948223747536,6,1.6,6.425000000000001,0.6755050505050505,0.8249093900880038
0.30392156862745096,0.37656903765690375,0.22850241565644597,0.13704416751268034,0.07450043276963356,0.28579789595385313,0.35135134635297466,0.12861735834823895,0.30630630130792963,11,1.9166666666666667,5.942028985507244,0.6362023070097605,0.8747763762293127
0.6753246753246753,0.6682675325216673,0.5543689203053299,0.4552697720620981,0.37821407207184643,0.6455944229989875,0.660714280733817,0.40154439657727226,0.6339285664481028,2,1.1818181818181819,3.8181818181818183,0.7586206896551724,0.9902519607459579
0.6307692307692307,0.6084905660377359,0.4803200220854874,0.40537695143926533,0.3378308264019945,0.6405546169997383,0.5989847666304208,0.3529411715266436,0.578680198102502,1,1.1,3.172727272727272,1.1970638057594578,0.9804985267585572
0.2549019607843137,0.14178966667390697,0.06771321610619409,0.013355197230762783,0.005635384251055307,0.10990891501168223,0.21052631125540175,0.03571428128986025,0.19999999546592806,13,0.07142857142857142,88.21428571428571,7.899441340782122,0.9010886102887481
0.4766355140186916,0.5881623394470059,0.45098044126948783,0.3672443118107766,0.2925138805326538,0.5453568246377577,0.5546874950247193,0.36024844222425834,0.5234374950247194,0,1.0,1.0,0.925,0.9737118699857632
0.36752136752136755,0.38764044943820225,0.2605606073979617,0.1939637297197709,0.13746604994161687,0.30610121549845076,0.34453781012746276,0.16083915584013905,0.34453781012746276,5,1.5,4.533333333333331,0.7235772357723578,0.9088241506298759
0.6388888888888888,0.6098243921029444,0.46527469033307534,0.38689282537535763,0.323799446531384,0.5277387562155774,0.5408163215493544,0.31836734194552274,0.5408163215493544,0,1.0,0.8181818181818183,0.9461077844311377,0.9767838188456147
0.6197183098591549,0.6896551724137931,0.5748563038837988,0.4905783135051337,0.40783621161113026,0.680824727594034,0.599999995018,0.4453781462661535,0.599999995018,0,1.0,0.09999999999999964,1.0069444444444444,0.9832043855142488
0.4186046511627907,0.47937345678485804,0.35670387172336887,0.2915652375028987,0.24349497920424207,0.39964889899939215,0.4356435593804529,0.2539682489836862,0.4356435593804529,3,1.2727272727272727,4.376623376623378,0.7099827882960412,0.9587805420920428
0.543859649122807,0.606793306026511,0.4758847067656091,0.3829427339267445,0.29706023415981736,0.5111286133221618,0.5581395299239523,0.3111111061506174,0.5581395299239523,1,1.1,4.281818181818185,0.8223311957751791,0.9884385141169773
0.6666666666666666,0.6216216216216216,0.49949413645360763,0.41592238102041124,0.34984153536212453,0.6205035971223023,0.6382978673494795,0.43243242743892546,0.6382978673494795,1,1.0769230769230769,0.0439560439560438,0.9958592132505176,0.9765854726257798
0.5175438596491229,0.4236111111111111,0.3259935229471351,0.25138294099202696,0.19119772864339252,0.521463543872676,0.39622641013883947,0.18326692736813716,0.39622641013883947,10,1.7692307692307692,0.32441471571906355,0.9747461598542047,0.8883055170098614
0.4393939393939394,0.5705521472392638,0.4558439242260513,0.3632000994576795,0.27606080162132496,0.6163571531414207,0.5454545404567461,0.3157894686884854,0.5454545404567461,8,1.6666666666666667,3.2666666666666657,0.7138686131386862,0.9119825495845935
0.6194690265486725,0.750922939894861,0.6717064778415827,0.6184509023628374,0.5708741395352654,0.7553597270826641,0.6923076873076923,0.5418994363414062,0.6923076873076923,0,1.0,1.3000000000000007,0.9539007092198581,0.9926178444573992
0.48633879781420764,0.36741214057507987,0.20873742247751728,0.13356260309691187,0.08115914174900872,0.38280802490487714,0.3488372043354517,0.0827886660325329,0.31395348340521906,18,0.05263157894736842,297.57894736842104,20.296928327645052,0.9323722927730794
0.8,0.702526133173147,0.613655452421174,0.5510216703206683,0.49543169117191366,0.6988714544502683,0.7131147491013841,0.5201238340173874,0.7049180277899088,5,1.5555555555555556,10.873015873015872,0.5726762320648784,0.9938537696631271
0.4725274725274725,0.6717171717171717,0.5351798522316896,0.45274596921012084,0.3781275305712495,0.6838363437366682,0.6415094289622643,0.43283581589580084,0.6415094289622643,1,1.0714285714285714,0.5571428571428569,1.0440677966101695,0.9804482575527316
0.45918367346938777,0.5223880597014925,0.3958742450708908,0.3168236470152354,0.24954576926606908,0.47724753964111255,0.4568965467256243,0.26804123211393355,0.4482758570704518,11,2.0,7.59090909090909,0.5461956521739131,0.9735002814320749
0.5655737704918032,0.5614973262032086,0.5270008161972378,0.5127528245539174,0.4970312046849752,0.5596826447844492,0.6448598083793345,0.5937499951345826,0.6448598083793345,1,1.1,0.10000000000000142,0.9941520467836257,0.9538246507118423
0.410958904109589,0.5555350303992849,0.3914802299484592,0.2687566441874728,0.16914596601382578,0.5028992928626189,0.42666666168088896,0.23204419390738998,0.41333332834755554,0,1.0,0.09999999999999964,0.9914529914529915,0.9576106715167226
0.31932773109243695,0.37554585152838427,0.26920951101561613,0.2180321260039401,0.17814925395589776,0.4248829957281661,0.43119265571879467,0.2595419798613135,0.4220183437921892,19,2.9,6.00344827586207,0.5680972463408583,0.8773206356000196
0.3644067796610169,0.38016528925619836,0.2138832173345652,0.13445492938130696,0.08317137495166758,0.2608848162452442,0.3359999950460801,0.10725551555891712,0.32799999504608,1,1.0714285714285714,0.4380952380952401,0.9735632183908045,0.8723908415251508
0.37341772151898733,0.35158501440922196,0.22085017474937277,0.1441996181580148,0.09005015918391923,0.3747849695894813,0.3788819825793759,0.14622641011035975,0.3726708024551522,19,2.0,3.973684210526315,0.6967871485943775,0.9334408090921434
0.5179856115107914,0.47360103501716067,0.3261567993266954,0.24434020016656677,0.17308264787321334,0.3748287380517687,0.3559870500602214,0.18041236614730594,0.34304206624145117,3,0.7857142857142857,4.402597402597404,1.2299864314789688,0.9636929565054992
0.3137254901960784,0.5422538048960173,0.378463422825746,0.26647227312880784,0.18470624815524078,0.43962161597860056,0.4018264790558997,0.16911764209153346,0.39269405896457543,1,1.0769230769230769,1.5329670329670328,0.8861224489795918,0.9480942368471371
0.532258064516129,0.5153149958727321,0.4164022202274142,0.33934896394426367,0.2722974566959493,0.5165397571697274,0.5917159713819545,0.3540669807559351,0.5562130128020729,7,0.5882352941176471,2.8529411764705888,1.2957317073170733,0.9808218604146607
0.37894736842105264,0.46619493688793995,0.28462816630609417,0.18753471709221378,0.13034140370961975,0.36906417914518724,0.377777772817284,0.13023255323050317,0.3555555505950617,4,0.6666666666666666,3.291666666666666,1.2564935064935063,0.9584525773697958
0.5631067961165048,0.6231155778894473,0.4760120616842497,0.3649830281008974,0.27274470467444406,0.6020976892660961,0.4730290406473718,0.2797202747290822,0.45643153027392785,3,1.2727272727272727,3.05844155844156,0.8229323308270676,0.9799244030447044
0.5043478260869565,0.49800796812749004,0.3707427668926088,0.29539444112487,0.2341299802768462,0.5369967145410115,0.49420848921035765,0.27878787378953174,0.45559845060031906,11,2.0,6.681818181818182,0.6306532663316583,0.928778513180742
0.6037735849056604,0.588203698005424,0.49739005656183594,0.42696763578472,0.35447932732855925,0.5104741706975633,0.6455696152539657,0.46445497130612523,0.6455696152539657,2,0.8,1.0250000000000004,1.0657051282051282,0.9832169389046502
0.5054945054945055,0.45454545454545453,0.30151134457776363,0.2084948844960832,0.1287588838147806,0.39693959523382544,0.46530611751903383,0.1775147879500019,0.46530611751903383,14,2.1666666666666665,10.166666666666668,0.5196850393700787,0.8320231757662301
0.5081967213114754,0.5651897595563113,0.4489444181353159,0.3647675220325736,0.3151113388619059,0.5605967702674806,0.47058823033684066,0.2919707979796473,0.4201680622696138,2,0.8181818181818182,1.5050505050505052,1.1465093411996068,0.9481664238762039
0.5538461538461539,0.5637583892617449,0.44931776084258884,0.36379664438641274,0.29599323483415607,0.7527076828427302,0.5753424607618691,0.37869821986625124,0.5342465703509102,9,1.8181818181818181,1.9136363636363631,0.7956310679611651,0.911087521767968
0.43956043956043955,0.35451505016722407,0.21814195555675212,0.13961042185524453,0.08490345612288056,0.4532361099500583,0.36363635866901334,0.09716598692651929,0.35353534856800334,4,1.3333333333333333,3.9375,1.2669491525423728,0.7902558558687968
0.5714285714285714,0.6164383561643836,0.4807955735670243,0.40599300174938274,0.3378163311772058,0.6266563455202255,0.6292134781466988,0.42105262657950143,0.6292134781466988,1,0.9,2.011111111111111,1.3296903460837888,0.9423685434139926
0.45454545454545453,0.5,0.31325842545970783,0.21327742395025404,0.14490056882353158,0.5302090193541746,0.5039370028817658,0.18978101690447025,0.4409448768975138,0,1.0,2.200000000000001,1.2558139534883723,0.972625694599336
0.7111111111111111,0.6397058823529411,0.5850453445105708,0.5415813904882948,0.4943122086363875,0.8579293453240673,0.7521367471546497,0.6481481431635804,0.7179487129666157,3,1.2307692307692308,1.8461538461538467,1.1218274111675128,0.9269347954928588
0.423728813559322,0.3614457831325301,0.26172467532563704,0.19639421556059405,0.14715927936269577,0.460809292896085,0.42922373945080383,0.2642857094206633,0.4018264791768312,11,2.0,1.5,0.8829787234042553,0.9372538550289078
0.6086956521739131,0.6754966887417219,0.5704431449494036,0.4958036656228674,0.42531402726763085,0.6888301404033563,0.5928571378594388,0.4467532417532805,0.5928571378594388,2,1.1666666666666667,0.8452380952380949,0.9622942113648434,0.9645540997012952
0.75,0.6785714285714286,0.5629720716558678,0.48097705039309363,0.4150660954256444,0.651995249954691,0.6595744630941603,0.42105262657902937,0.6595744630941603,3,1.3,3.276923076923076,0.7977207977207977,0.9583962183947717
0.48695652173913045,0.585820895522388,0.45894687284906655,0.36986353092269575,0.29340144612735924,0.5560420532752367,0.5413533784688226,0.3119777108821316,0.518796987491379,13,1.8666666666666667,5.561904761904762,0.632473253618628,0.9367698725674866
0.6727272727272727,0.6046511627906976,0.47617663324286674,0.37207788278417425,0.2907020588643662,0.6336236877953988,0.5419354788728409,0.30337078151937896,0.5290322530663893,3,1.2727272727272727,1.512987012987013,0.8589588377723971,0.9630910912647781
0.6666666666666666,0.6956521739130435,0.5982950307817774,0.5222820291703418,0.44832937004913875,0.7262013258155504,0.6457399053220456,0.4558823479509083,0.6457399053220456,0,1.0,2.09090909090909,1.125,0.9928535588022825
0.5918367346938775,0.6324446184095247,0.49008609292578525,0.3916290007595036,0.3104777636818091,0.5927810742679852,0.6106870179080474,0.37037036538256374,0.5954198423355284,0,1.0,1.4000000000000004,0.8793103448275862,0.9759885259606035
0.5151515151515151,0.5707376547004284,0.45810637583217295,0.3856943824168513,0.3124583589277987,0.5093088493252442,0.5789473634245154,0.3567567517604091,0.5789473634245154,2,0.8571428571428571,1.0,1.1111111111111112,0.9680042960335272
0.4140625,0.49631548012081317,0.34718269133928736,0.2580495272130692,0.19366685575830087,0.3967266938613073,0.4478764429230334,0.2167182612999263,0.4401544352010257,1,0.9166666666666666,1.575757575757578,0.9155844155844155,0.9832169782766725
0.3586206896551724,0.29872772888199595,0.2252548621079774,0.1778674671262168,0.13924170270645655,0.2744366193396595,0.42553191021955633,0.228346452201392,0.40957446341104575,7,0.6111111111111112,2.8939393939393945,0.8750817527795944,0.9665483605875341
0.7075471698113207,0.7715301420835714,0.6507491309084805,0.5617192522804846,0.47630025244394636,0.7107928733187883,0.7071428521438776,0.49029125713639365,0.7071428521438776,0,1.0,0.07142857142857295,0.99625468164794,0.9929247696662689
0.3546099290780142,0.31420765027322406,0.20327434200636982,0.13412537035166142,0.07826806397301926,0.4338342525604112,0.31756756265887515,0.13020832846367747,0.31756756265887515,7,1.5833333333333333,3.5131578947368425,1.2230576441102756,0.846109110174737
0.2702702702702703,0.3074936728823254,0.16496544815330808,0.0989064261307251,0.06256613713219918,0.25087365535777667,0.3020833284396702,0.07894736354570667,0.2812499951063369,2,1.2222222222222223,7.101010101010102,0.6368801652892562,0.9032131675283933
0.4418604651162791,0.509004686651305,0.37783799081602976,0.27951001920484475,0.1848696961545141,0.48492712590802095,0.48826290582291876,0.24505928356574866,0.48826290582291876,0,1.0,0.25,0.9818181818181818,0.947187916125205
0.3695652173913043,0.28436146246320904,0.19582455117402708,0.13929131810489392,0.09603283190644347,0.278050840125617,0.3849056557567818,0.18934910781275177,0.36226414632281956,2,1.1818181818181819,14.342657342657342,0.500730282375852,0.9189906940650552
0.7037037037037037,0.574468085106383,0.4703037028082863,0.38872285830331565,0.3127294374884173,0.743944640984125,0.652631573961219,0.4508196671324913,0.652631573961219,8,1.6153846153846154,2.2014652014652007,0.8026272577996717,0.9174222239408176
0.5238095238095238,0.36607142857142855,0.2562479980703351,0.17436831872109784,0.1080921042672423,0.5813435943086045,0.4779874164882718,0.26395938597129537,0.4779874164882718,6,1.5454545454545454,3.267379679144385,1.3297355639503508,0.929293392188241
0.5874125874125874,0.6146788990825688,0.4819491422237281,0.3909318030436471,0.31617419684907005,0.5834761179882879,0.5284280886616481,0.35057470765177046,0.5217391254509459,1,1.0909090909090908,1.1060606060606055,0.9426100628930818,0.9646332652633172
0.6933333333333334,0.7560999463055499,0.6571196508897277,0.5679927257630565,0.48640370020191126,0.7172559916096697,0.7362637312788313,0.5829596362782281,0.7362637312788313,0,1.0,0.3157894736842106,0.9594594594594594,0.9782602486855294
0.5841584158415841,0.6530612244897959,0.49079857226902984,0.39185668975141813,0.30107796199743386,0.6666326558858384,0.6536964930545505,0.45911949185554374,0.630350189552605,8,1.4705882352941178,2.4352941176470573,0.8009615384615386,0.9627078358399819
0.6542056074766355,0.7015503875968992,0.6048048594767013,0.5446324001758549,0.4850548438675737,0.6729021525094534,0.6271186390735422,0.47352024425655814,0.6186440628023556,0,1.0,0.0,1.0,0.966409368152399
0.40522875816993464,0.5031847133757962,0.3782566343623389,0.3055329281395478,0.24978451585410155,0.46707837366925675,0.42904289930268275,0.2670025139084698,0.41584157917066955,1,1.0714285714285714,2.3619047619047606,1.1271794871794871,0.9299777973241304
0.6410256410256411,0.6853932584269663,0.5903431600838444,0.5209453506789303,0.45264535301486364,0.6772418107255508,0.6288659744005739,0.4292237392973458,0.6288659744005739,3,0.7692307692307693,4.492307692307692,1.3375722543352602,0.9752759268030321
0.08421052631578947,0.17270788912579954,0.0837355663463654,0.06116010975724179,0.04719646397520591,0.11639441060199632,0.12871286629154025,0.0542264702965189,0.12871286629154025,3,0.85,8.13823529411765,1.4184182670497507,0.06925421647980454
0.4144144144144144,0.5272727272727272,0.3696336894362994,0.28173456866925456,0.20425639843297444,0.4949457163715278,0.4166666616753472,0.20846905038101216,0.3999999950086806,11,1.8461538461538463,7.157051282051283,0.615530303030303,0.9246588064391295
0.3277310924369748,0.2923076923076923,0.17776622739100814,0.11930738094623776,0.07808364372976448,0.34842882783132817,0.32911391911552645,0.1241379261393581,0.32067510055012555,8,1.5333333333333334,1.1043478260869577,1.1082693947144076,0.8946525635527849
0.4,0.4161073825503356,0.32253192964043714,0.25318778886781035,0.18070679360658298,0.5076808889963286,0.46428570934311225,0.288659788848443,0.4523809474383504,1,1.0909090909090908,2.871212121212121,1.3007936507936508,0.9176071640120804
0.632183908045977,0.5931558935361216,0.5080263106394949,0.445076722413959,0.3901161789478183,0.6231974097270228,0.649572644575937,0.47096773694068683,0.649572644575937,4,1.25,0.5374999999999996,0.960730593607306,0.923055631358874
0.3194444444444444,0.2903225806451613,0.13741458973797516,0.06949328354963513,0.0399933350439446,0.19297593062067486,0.23611110614583344,0.06936415687794481,0.23611110614583344,1,1.1,0.07272727272727408,1.0064935064935066,0.9319231646761954
0.6031746031746031,0.6477272727272727,0.52285312361091,0.4442728273622285,0.3744947032024213,0.6163044240539556,0.602409633563108,0.4107579412210592,0.5843373444064813,9,1.5294117647058822,5.1990950226244355,0.6613616268788682,0.9657417827023339
0.2540983606557377,0.368609568659679,0.22475495096476727,0.15247388934909795,0.10828094984692371,0.25208151998871403,0.32258064019380855,0.11881187625483361,0.30645160793574405,9,1.9,9.589473684210526,0.5156831472620946,0.9116109597770006
0.33653846153846156,0.4378449606759591,0.27683914271221793,0.19800269990722708,0.1396685230425074,0.3275774666363726,0.31963469823398183,0.10894941139759898,0.31963469823398183,3,1.2307692307692308,3.0048076923076916,0.7805477528089888,0.9244462015489605
0.4378698224852071,0.388560157790927,0.24473787020814006,0.16368130398656533,0.11329079373043639,0.4272851696317286,0.44278606465619663,0.16260162101832587,0.43283581589997777,8,1.4210526315789473,2.4093567251462,1.1471954269381923,0.7635439325984347
0.20134228187919462,0.21504363965696177,0.09480495909732342,0.060408717697048885,0.04223575829273798,0.15876261012973314,0.21621621144996359,0.03558718389635452,0.21621621144996359,0,1.0,8.9,0.6130434782608696,0.9602937836355899
0.4367816091954023,0.3469387755102041,0.25851183859262483,0.19074656575067514,0.13160906085265656,0.5167763805183718,0.41340781639898877,0.18181817702983,0.41340781639898877,8,1.6666666666666667,3.166666666666666,1.348623853211009,0.7736218155598493
0.5121951219512195,0.46530612244897956,0.3520717254093546,0.2721792886493867,0.20488574053134925,0.4661958805829105,0.4332129913930848,0.27485379617574646,0.4332129913930848,17,2.5454545454545454,11.34090909090909,0.43552036199095023,0.9844562936053391
0.5416666666666666,0.592814371257485,0.45117262986334966,0.3674073420889039,0.28967324662749416,0.6407918153928881,0.5762711814421144,0.36633662866532696,0.5762711814421144,1,1.0909090909090908,1.7348484848484844,1.142412935323383,0.9521997186462895
0.25773195876288657,0.4107142857142857,0.26706112114912356,0.1758155092529801,0.09839724775748797,0.33891677794325337,0.41052631081662055,0.1619433148479734,0.3684210476587258,2,0.8333333333333334,3.466666666666667,1.26,0.9374781851834011
0.4959349593495935,0.4484105922731636,0.3003743674005673,0.21797398244298605,0.15734186731098462,0.3633638037509573,0.43109540139944313,0.16811593704415054,0.4169611257810686,4,0.6,12.433333333333337,1.5429403202328968,0.9453694669035323
0.7411764705882353,0.7055214723926381,0.6048354723790881,0.5152395736821053,0.4406545852483054,0.8414018121786421,0.7134502874265586,0.5803571378826532,0.7134502874265586,0,1.0,1.0,1.1726618705035972,0.9825189085214674
0.42592592592592593,0.6368421052631579,0.49255102912360943,0.39935150955545357,0.3233438058406746,0.5162902546868857,0.5800865750889228,0.3678929715953961,0.5800865750889228,3,1.25,3.166666666666668,0.7999999999999999,0.9940563482069128
0.43037974683544306,0.4095238095238095,0.24417291293341187,0.15967694274760813,0.10039446512979543,0.36846938857724604,0.36676217265244127,0.12121211621212143,0.3553008546008654,3,1.1578947368421053,2.722488038277511,1.166325635779012,0.8374427621705323
0.3473684210526316,0.3471502590673575,0.22898505128784893,0.1473639593850343,0.10270214281374059,0.3327000115061587,0.31155778394788014,0.09090908591455528,0.30150753269159875,8,1.6153846153846154,1.8864468864468869,0.8296957671957672,0.8902006785808333
0.4032258064516129,0.46540880503144655,0.3117781847626766,0.21809760020622704,0.150130624728896,0.3866751254529451,0.4475524425526921,0.1899441290858589,0.4475524425526921,5,1.5,3.700000000000001,0.7412587412587412,0.8655382122096841
0.5304878048780488,0.37168141592920356,0.2589953643075205,0.18039188510885887,0.12344548707454746,0.35260291360863477,0.35258358164651105,0.15596329775744905,0.35258358164651105,6,1.3157894736842106,0.2821052631578951,0.9796197718631179,0.9395794515017903
0.6796116504854369,0.6961054029239917,0.5814174608749199,0.5027011638690462,0.43877516726582394,0.6464576019330447,0.6818181768257716,0.4736842055520707,0.6753246703322653,0,1.0,2.5,0.8892988929889298,0.9956799928929693
0.7272727272727273,0.6172839506172839,0.47561501921144334,0.36369612662994355,0.27325328315657726,0.6757155873943507,0.6198830359358436,0.3248730914499215,0.5730994102048494,0,1.0,2.0588235294117645,1.2755905511811023,0.9457543126859229
0.4878048780487805,0.4789473684210526,0.3262403232863953,0.22410494503792605,0.1548664544728336,0.5136730172991447,0.38888888389135806,0.11428570928571449,0.38888888389135806,3,0.7692307692307693,6.923076923076923,1.5732484076433122,0.9218690013478084
0.4423076923076923,0.33807829181494664,0.2356723014172702,0.15592443458863198,0.1007703216182957,0.4395173133545031,0.39655171919143883,0.15224912999844364,0.3879310295362664,6,1.6666666666666667,0.844444444444445,1.0472049689440994,0.8570961834060533
0.28846153846153844,0.39285714285714285,0.2563923785778912,0.17984134334087845,0.1249742996639205,0.36102035621650647,0.39285713787667415,0.17449663931782364,0.39285713787667415,8,1.4705882352941178,2.449411764705882,0.8045070422535211,0.8438925951071867
0.5172413793103449,0.5983028668190964,0.4815127251911327,0.3928580968441426,0.32322741133184435,0.5677208497099555,0.6074074024249657,0.3869047569446217,0.5999999950175584,4,1.25,4.050000000000001,0.7107142857142856,0.9697896467193786
0.7444444444444445,0.75390625,0.6747593979323587,0.6071721766763339,0.5405908721185857,0.6896472436042564,0.6864406729718472,0.5086705152318822,0.6779660967006608,9,2.0,13.777777777777779,0.5079365079365079,0.9907567954221679
0.5595238095238095,0.6031746031746031,0.45666662968961313,0.32944062394444107,0.2258569366070391,0.5646831357709656,0.5560975559814397,0.29457363841355694,0.5560975559814397,3,0.7857142857142857,3.96753246753247,1.3002457002457004,0.9403286743939653
0.14432989690721648,0.14351844345556372,0.055848514788568025,0.013709104646510515,0.006406634758958314,0.10010110529197802,0.18749999503828138,0.021390369372874266,0.16249999503828141,7,0.3,21.833333333333336,2.617283950617284,0.9306760786425511
0.5365853658536586,0.518918918918919,0.4215131379914658,0.3505993180286152,0.2903905476017888,0.6188250957184664,0.5405405355652302,0.2761904712126985,0.5297297247544194,6,1.6,1.7375000000000007,0.869360902255639,0.9302443395581852
0.29347826086956524,0.3879310344827586,0.20941125438540395,0.1269818097997206,0.0845331397967351,0.2818674234707447,0.27848100765902906,0.07954544957709224,0.27848100765902906,2,0.8,3.0,1.2608695652173914,0.9243813759870791
0.48936170212765956,0.4853801169590643,0.35038923759022256,0.25149725837464887,0.18168811436707727,0.4230187386122395,0.42608695152325143,0.19011406344171533,0.42608695152325143,7,1.7,6.4411764705882355,0.6096256684491979,0.9800936432700642
0.6082474226804123,0.6173469387755102,0.4969293465978882,0.4081887192344602,0.33562849829009317,0.5897400003895229,0.587786254544607,0.3689320338362607,0.557251903399569,3,1.3,3.5230769230769248,0.8105872622001653,0.9823805809670157
0.11071428571428571,0.13402918024284877,0.08094765244941587,0.056510373968683185,0.042441126312409,0.11682863724968988,0.20089285238211507,0.06223479056875207,0.19642856666782937,17,1.894736842105263,22.105263157894736,0.2893401015228426,0.7754247767149932
0.3333333333333333,0.2606568983815194,0.15691114585735252,0.09011780610974134,0.052117802929536786,0.23778312200713037,0.3222748767646729,0.08904109128471596,0.26540283884998095,12,0.07692307692307693,132.84615384615384,7.93574297188755,0.9691696875832985
0.41509433962264153,0.46875,0.3210543820451085,0.22474657782707383,0.15076605669895127,0.4053070109915899,0.31645569120573624,0.09424083269976177,0.31645569120573624,2,1.1818181818181819,1.76923076923077,1.136094674556213,0.9263145538590503
0.6126126126126126,0.681592893856363,0.5656139226302239,0.4774074832047683,0.4012855179581253,0.6677739652949302,0.6376811544331548,0.4157303320887515,0.6376811544331548,1,1.0625,1.5036764705882355,0.8967432466548851,0.991510281237707
0.7070707070707071,0.7078226600845113,0.604347501068787,0.5326417164686698,0.4613116583732038,0.6672831941468599,0.689655167415628,0.519402980080018,0.6666666616685016,3,0.8,2.933333333333332,1.2037037037037035,0.983077574510449
0.2391304347826087,0.25462962962962965,0.1460062651305222,0.09494417717377823,0.06576614709867172,0.27265707811724293,0.2543352551759164,0.1062801882788399,0.2543352551759164,3,1.25,2.3166666666666664,1.1917241379310344,0.9356312523793535
0.3333333333333333,0.34749530350956315,0.1879367252045105,0.10546862426259382,0.061910161808793225,0.24484121962927477,0.24691357529170696,0.03908794292141094,0.23045266994191274,8,0.5,12.6875,1.894273127753304,0.9425335313788376
0.5802469135802469,0.6069313741033604,0.4435058569183212,0.3379406549677059,0.2528291147620654,0.5180737006135746,0.5283018817995728,0.25563909275453683,0.509433957271271,2,1.2,3.7666666666666675,0.7974910394265232,0.9834687863970138
0.37012987012987014,0.4585492227979275,0.302836332958226,0.2172634315092575,0.15037476195333038,0.4459356826814652,0.4369747849301289,0.17094016595332032,0.4145658213446948,3,1.1666666666666667,1.603174603174601,1.0955534531693472,0.9369917622313392
0.6491228070175439,0.7755899671965448,0.7075187369984242,0.6518056296961708,0.5938703992772006,0.7075095364055988,0.679487174494576,0.5114155201179084,0.679487174494576,1,0.9333333333333333,1.3047619047619072,1.0516396532227668,0.9955531043083071
0.24752475247524752,0.4008810572687225,0.29179252803988254,0.22812807356887804,0.16320812363303813,0.41501164184609707,0.28571428073200117,0.12060301012095676,0.28571428073200117,2,0.8947368421052632,5.089783281733746,1.6159610340951667,0.8351935449729185
0.42105263157894735,0.4485049833887043,0.2814886860935464,0.19347013542384509,0.1316702875224292,0.41494460532087,0.3878787828971534,0.16666666166934602,0.36969696471533525,7,1.35,1.6018518518518512,0.8743645606390705,0.9311868598358698
0.3728813559322034,0.43137254901960786,0.26945734491023365,0.16630807240499948,0.09685711433035722,0.43009826377393245,0.46280991239669417,0.1804511228424446,0.41322313553719014,5,0.5,12.599999999999998,2.6153846153846154,0.9729676362867834
0.4672897196261682,0.589622641509434,0.48736609306037887,0.40230384845839634,0.3275888913900101,0.6167774618936492,0.5627705577751542,0.4077669852955038,0.5627705577751542,13,1.9285714285714286,5.433862433862434,0.5909996017522899,0.9073564733399837
0.4634146341463415,0.4147727272727273,0.30010820559414075,0.23173537137815178,0.16951860417833473,0.4688946963873943,0.45454544955578513,0.2211981516999725,0.4318181768285124,4,0.6,16.833333333333332,2.3466666666666667,0.9671168248163386
0.35294117647058826,0.2486469753817957,0.1513510121108352,0.09090018142298689,0.0577027616983447,0.22836377107923625,0.32768361097258136,0.10212765477446832,0.2937853058878356,14,0.06666666666666667,105.13333333333333,9.859550561797752,0.9511660620787228
0.5288461538461539,0.3588235294117647,0.26630419578369524,0.20476621149295227,0.15537148492824174,0.4510942384993301,0.471910107361304,0.27605633303011307,0.471910107361304,7,1.7,1.1000000000000014,0.947867298578199,0.7903425274159743
0.45454545454545453,0.4409722222222222,0.32560361171650704,0.240632296212637,0.1654426601069899,0.3317511536540226,0.40251571827538474,0.14529914031704305,0.40251571827538474,5,0.7222222222222222,9.209401709401709,1.7114559260482007,0.8745444391539738
0.5178571428571429,0.5911647844463069,0.484455348741843,0.40977746962276734,0.3378299064805381,0.5480529060689857,0.5276073569678951,0.3663366286638566,0.4907975410169747,2,0.8461538461538461,1.5314685314685317,1.1402048655569783,0.9562918702140768
0.275,0.27911806292912805,0.15831609296083152,0.08829491659931699,0.025556283020006038,0.22607262305964046,0.30872482740417106,0.08235293645328748,0.2953020086122247,6,0.4,8.65,1.6134751773049645,0.9659445178515712
0.3473684210526316,0.5027932960893855,0.3720341254461964,0.2898701329431528,0.20784148087633667,0.4099360342397259,0.4125560488342819,0.18656715919274908,0.4125560488342819,5,1.3571428571428572,2.9360902255639107,0.7623973227867356,0.9374691279712346
0.375,0.368,0.249644909111244,0.16883571939407652,0.10290490180384301,0.4243990308040264,0.37956203889178963,0.1476510017927122,0.3649634987458043,3,0.6666666666666666,11.61111111111111,2.2590361445783134,0.966322972807302
0.3394495412844037,0.36734693877551017,0.20531577324874647,0.11401667015962348,0.04893597485935221,0.2609114282624394,0.3568464680539247,0.10344827090434691,0.3402489576804808,8,1.6666666666666667,7.416666666666668,0.6228813559322034,0.8504482451686957
0.3522727272727273,0.33057851239669417,0.2159574783477187,0.13893595160566327,0.08923916312749061,0.37343652729735516,0.3204419839516499,0.125523007552389,0.3204419839516499,3,1.2727272727272727,3.0129870129870113,1.211101000909918,0.7104572393881479
0.5256410256410257,0.49367108549232214,0.3371850935868968,0.23160678990730185,0.15846013080508217,0.4540175200602627,0.48421052134293635,0.21698112711151665,0.4315789423955679,4,1.3636363636363635,4.1393939393939405,0.662716049382716,0.9877598401335217
0.6461538461538462,0.7310849736519565,0.6323653588622214,0.5665084683672795,0.5048359582838597,0.7148112812347157,0.6787878737880625,0.4419889452800586,0.6787878737880625,0,1.0,0.4666666666666668,0.9448818897637795,0.989808985296978
0.3382352941176471,0.27459016393442626,0.17140600205450504,0.11257907917085222,0.06861484390262693,0.4096528234047059,0.4026845590342778,0.15819208559098613,0.4026845590342778,3,1.2727272727272727,8.246753246753245,1.898161244695898,0.8183823186314564
0.6481481481481481,0.7211200775077096,0.567511149224876,0.4693133937750847,0.38520489270824604,0.6781504696343971,0.6370370320504801,0.4276729509987738,0.6222222172356653,0,1.0,0.09999999999999964,0.9903846153846154,0.9603888256122807
0.4387755102040816,0.4540540540540541,0.32193597687737635,0.26620641173643783,0.22110290152228537,0.4360728276799188,0.3944954078444576,0.20967741435613957,0.3944954078444576,3,1.4285714285714286,3.7857142857142847,0.8301282051282052,0.9342223314259452
0.3977272727272727,0.45812061472337684,0.29792402657019124,0.19856824921061783,0.12905836785011285,0.3620496634251785,0.4444444394959043,0.17843865673000664,0.434782603747112,3,1.2307692307692308,3.9423076923076916,0.7316753926701571,0.963105621065381
0.5463917525773195,0.5091575091575091,0.35414329681949447,0.27870093177134414,0.2228932271801823,0.6146147028873662,0.5045044995081569,0.2652329699120002,0.4684684634721208,7,1.5,1.0714285714285712,0.9238578680203046,0.7870217266313925
0.6216216216216216,0.6923076923076923,0.5528962883708894,0.44239346907330995,0.3543561348310897,0.6875808174509473,0.6732673217449271,0.3793103398275862,0.6732673217449271,1,0.9,1.3666666666666663,1.187214611872146,0.977557059254567
0.7254901960784313,0.6764705882352942,0.5422117176765944,0.45534123356857326,0.3779185842119043,0.7670358670136475,0.6825396775399976,0.48524589663939804,0.6587301537304738,11,1.6470588235294117,2.8529411764705888,0.7487046632124352,0.9451886971131492
0.27884615384615385,0.41304347826086957,0.25754252036065084,0.1373259344905071,0.06519267516972523,0.3658239358062188,0.31578946868642666,0.10859728006879488,0.31578946868642666,1,0.9166666666666666,1.628787878787879,1.1492019430950728,0.9883702720715712
0.7702702702702703,0.7923497267759563,0.7106434489752851,0.6540573705083957,0.6009684026344023,0.8585278189357748,0.7511737039211798,0.6130268149240322,0.7511737039211798,1,1.1,0.0636363636363626,0.9961894393032118,0.984085536748967
0.2543859649122807,0.2314410480349345,0.1424845476493992,0.08332745286428493,0.046681588009270455,0.29827084142215315,0.2525252478971534,0.06249999535873759,0.2525252478971534,6,1.4285714285714286,3.807142857142856,1.498130841121495,0.9087075957193065
0.34408602150537637,0.32352941176470584,0.2154379309910505,0.13948675698317806,0.08988552702242497,0.32910499318594794,0.2994652356429981,0.12345678512557388,0.28877004847722276,2,1.1818181818181819,4.034965034965033,1.2827045565899067,0.7135369822539903
0.5,0.5461538461538461,0.3794041714884988,0.25997896625132677,0.17462038962207097,0.4853288477522292,0.457831320307737,0.21621621125843693,0.457831320307737,0,1.0,0.2857142857142865,1.0317460317460319,0.8931244661298777
0.6724137931034483,0.6139705882352942,0.5082080778594167,0.4282102765375925,0.3599376447377298,0.7024312080606672,0.7067137759292786,0.49696969197869606,0.7067137759292786,12,1.6666666666666667,3.377777777777778,0.7285714285714285,0.9388577755277039
0.31092436974789917,0.38875110396092216,0.2181288984588496,0.11881494334191864,0.062220192056644946,0.3118459590655558,0.31325300710698223,0.07667731135644981,0.28915662156481353,6,0.625,6.587499999999999,1.4948356807511736,0.9516901037132318
0.6590909090909091,0.7956989247311828,0.7093841036079205,0.6364895092543094,0.5682108874211137,0.7948903323671912,0.7359999950012801,0.5704467303957204,0.7359999950012801,3,1.375,6.21590909090909,0.7312039312039312,0.9983903546743328
0.6301369863013698,0.6838235294117647,0.5466774269624883,0.44669314763655715,0.3611070353489474,0.7772513040824363,0.6322580595180022,0.445714280714449,0.6322580595180022,0,1.0,1.3571428571428559,1.1623931623931623,0.9506227492316139
0.36633663366336633,0.4314516129032258,0.29847135682066117,0.2171586895993647,0.15374428532317178,0.41067765472205375,0.3414634096552978,0.12203389331801226,0.3414634096552978,9,1.75,5.94047619047619,0.6653252850435949,0.936633287742494
0.31313131313131315,0.32183908045977005,0.21971768720102056,0.146757932410197,0.09806299075228168,0.37363448228026497,0.35849056110181565,0.1481481432019206,0.33962263657351377,14,2.0,1.9642857142857153,0.8259493670886076,0.7923274684649875
0.55,0.7,0.611615953089906,0.5430262963438246,0.4758595285935809,0.6749863853500591,0.6219512145188877,0.4109588991146974,0.5853658486652291,2,0.8,4.850000000000001,1.2566137566137567,0.9667524474233994
0.40310077519379844,0.26226185424148607,0.16928929897045877,0.1157394046905648,0.07241868579766761,0.2733588965013769,0.2991452947592958,0.14473683775991183,0.2991452947592958,2,1.1538461538461537,10.717948717948717,0.4742138364779874,0.9638062828429897
0.36792452830188677,0.5223880597014925,0.35037293564122607,0.252399710209241,0.1710877373535755,0.43146263253556016,0.4152542322881356,0.2171052581587605,0.39830507974576274,0,1.0,1.0769230769230766,1.0748663101604279,0.9655930500909387
0.55,0.5668202764976958,0.4495118818225404,0.3693053402103568,0.2946367059639252,0.564742464948465,0.5267175522623974,0.32415901642024153,0.5267175522623974,6,1.375,3.1363636363636367,0.7587412587412588,0.9655628701418538
0.782608695652174,0.6727272727272727,0.5610368097712175,0.4617576041362262,0.3615019798041841,0.6798217079181399,0.7172413743105828,0.45810055366311914,0.7034482708623069,2,1.2,1.1333333333333346,0.8899676375404529,0.9868475094081923
0.4852941176470588,0.47651006711409394,0.3677306485142384,0.29172669415499014,0.22264529295653526,0.5559726393059726,0.4539007042201097,0.23602483972068988,0.4539007042201097,6,1.6666666666666667,2.844444444444445,0.7773913043478261,0.920379245145884
0.3644859813084112,0.3707865168539326,0.25045367301142424,0.1863932384068803,0.13674687302253705,0.38819191138588355,0.3643724646593126,0.18770226039526203,0.3562752986674098,11,1.6470588235294117,1.405462184873949,0.8715437788018434,0.8752369720556384
0.5909090909090909,0.6666666666666666,0.5559898984921632,0.4868183742757342,0.4204481952013258,0.6792083778829089,0.6484018214849566,0.4486691965209848,0.6210045612109839,5,1.4545454545454546,4.568181818181818,0.7112068965517241,0.9763577309806716
0.256,0.2729279179985556,0.18127315073439715,0.14692937000119527,0.12581403323725396,0.24694758810064538,0.29357797708231637,0.17006802259984277,0.2568807293758944,5,0.375,23.708333333333336,1.6138079827400216,0.9464724644343349
0.40350877192982454,0.4968152866242038,0.4030141215461377,0.332728465015794,0.2608100097855365,0.6749892371170605,0.5384615335798818,0.3718592916370799,0.5384615335798818,0,1.0,4.818181818181818,1.5096153846153846,0.9832638264047162
0.5428571428571428,0.5467980295566502,0.39963525290639246,0.2881606948947309,0.1928280429273985,0.5177736252899029,0.48333332833888887,0.24561403009812258,0.46666666167222226,8,1.7272727272727273,6.588516746411484,0.6185595567867036,0.9659594664614315
0.4918032786885246,0.5642857142857143,0.4321365929234341,0.3395564156675749,0.2727141141229745,0.5165889225649469,0.4999999950255103,0.31351350851365967,0.4999999950255103,0,1.0,1.3636363636363633,1.1199999999999999,0.9577130343435809
0.6162790697674418,0.5807692307692308,0.4758966027169941,0.3925802985014134,0.31311157171648835,0.7377188639574169,0.5813953438420167,0.3999999950066116,0.5736434058575206,7,1.5833333333333333,2.8991228070175428,0.8251785241999472,0.9140493145409636
0.43,0.4426229508196721,0.3079736598731197,0.2511749754610199,0.2075984883056008,0.4154891749479993,0.3888888838906036,0.1788617836182168,0.3888888838906036,0,1.0,3.8571428571428577,1.1730769230769231,0.9214257846358218
0.3076923076923077,0.26946051068013094,0.14874732516227981,0.09658471241688359,0.05739210664337214,0.21144057603117686,0.2989690672180891,0.06896551233650451,0.25773195381602726,10,0.09090909090909091,112.81818181818181,8.955128205128204,0.9469252041021641
0.2708333333333333,0.28319050586936306,0.13557184092659477,0.06378303342432647,0.03550004534227075,0.1891985742785833,0.22727272235085239,0.02926828779726435,0.215909085987216,3,0.6666666666666666,3.2222222222222214,1.1920529801324502,0.9457372202068899
0.22123893805309736,0.2998885550371175,0.16253163591815198,0.0814271360744313,0.05031813735104833,0.19086797114891468,0.17616579811538582,0.03669724273335646,0.17616579811538582,3,0.7,4.385714285714284,1.2758310871518417,0.9697715012269398
0.5232558139534884,0.668700657041796,0.5380606102706693,0.4396062185821646,0.3570200939787583,0.5693465379274786,0.6140350827192983,0.4051446895400172,0.5877192932456141,1,0.9166666666666666,0.4015151515151487,1.0244577757268112,0.995941483026261
0.36792452830188677,0.4624748234314882,0.32608326020192013,0.24300030641333395,0.1786791065495227,0.4468412969434405,0.4388185604265698,0.20437955707043542,0.42194092329576816,1,1.0909090909090908,3.0984848484848495,0.8085205992509363,0.9773920029539044
0.3944954128440367,0.54926443579899,0.40306530062142076,0.29794474105584295,0.20395987003478755,0.49582328962940203,0.45045044549955365,0.2281368771900708,0.43243242748153565,5,0.6428571428571429,6.142857142857142,1.4777777777777776,0.9681821381930786
0.4583333333333333,0.47959183673469385,0.31754882771018866,0.23852866147015744,0.17521952886344522,0.6050328122418945,0.4335664285666781,0.23595505118230037,0.4335664285666781,2,1.1666666666666667,1.833333333333334,1.1506849315068495,0.8880561740131604
0.4157303370786517,0.42543859649122806,0.29361918636517376,0.20953285249830747,0.1470776718520916,0.3965316326882315,0.39285713786710774,0.16961130243454173,0.34821428072425065,1,0.9,5.433333333333334,1.273031825795645,0.8814513368363315
0.14146341463414633,0.12105661048977201,0.06529944570185088,0.04035130850326435,0.02514319725645264,0.1358640206523957,0.1856763881952312,0.04417670269955362,0.1750663086196344,2,1.1666666666666667,21.32142857142857,0.3951367781155015,0.9355971099072824
0.4536082474226804,0.47368421052631576,0.35423051967126395,0.2592737370310169,0.16110867198082196,0.3815798220457387,0.4432989640854501,0.20175438099607582,0.4432989640854501,6,1.6,5.6,0.6291390728476821,0.9326750616158352
0.35443037974683544,0.3926174496644295,0.2792753340753532,0.20464662989603105,0.13501238003992197,0.5674635796922225,0.2926829219750149,0.08780487317834648,0.2926829219750149,3,0.8235294117647058,11.109243697478991,2.091659785301404,0.9361255909881153
0.36752136752136755,0.4717741935483871,0.2964131930004464,0.19896475501798017,0.13844382897068538,0.40342716820183955,0.3906249950012208,0.16618910675971477,0.3749999950012207,1,1.0769230769230769,2.3296703296703303,1.1514285714285715,0.9468108485230086
0.5806451612903226,0.7430555555555556,0.6447444576694055,0.5570214401757432,0.4684777192783421,0.776830002834467,0.6296296246364884,0.4270833283355035,0.6296296246364884,0,1.0,0.5,1.0359712230215827,0.9948362381198772
0.7142857142857143,0.7328028571503868,0.5815726622477077,0.4546382242373588,0.3503079879866043,0.6133757960231988,0.7058823479439447,0.42424241924293443,0.6941176420615918,4,0.7647058823529411,2.2941176470588234,1.297709923664122,0.9933616165092145
0.43373493975903615,0.5510086401427209,0.39063526870437076,0.29300623085575883,0.20989656021541664,0.47879436033232736,0.4748858397573028,0.2167832117988656,0.4657534196659786,1,1.0833333333333333,2.070512820512821,0.8776051534672225,0.9730781058181203
0.44144144144144143,0.6071428571428571,0.463503144363838,0.35751971723591164,0.2752241775622644,0.530435830096516,0.5560165925125257,0.31475409336328947,0.5560165925125257,6,1.5454545454545454,5.561497326203208,0.67459324155194,0.9844914304492967
0.7540983606557377,0.7481481481481481,0.6427724636464381,0.5647879920966219,0.49567165101822985,0.756566269021475,0.6979865721994505,0.615384610406352,0.6979865721994505,0,1.0,1.153846153846155,1.1250000000000002,0.9401704472815101
0.7352941176470589,0.7313432835820896,0.637099303396307,0.5497622135357483,0.4735097805200514,0.7746745610572635,0.7073170681707318,0.5732484026441236,0.7073170681707318,3,1.1578947368421053,0.653110047846889,0.9332844574780059,0.9916997098447643
0.7323943661971831,0.647887323943662,0.5250683132631864,0.4427563243584542,0.3736601679458954,0.6934329926449518,0.6448087381707427,0.42105262658180903,0.6010928911762073,0,1.0,1.4545454545454533,1.1269841269841268,0.9818375435245683
0.6865671641791045,0.6147909964299687,0.5034403693871847,0.4282592546950094,0.3682373244129816,0.576005404298874,0.5922746731227321,0.4057970964660786,0.5836909821356077,5,0.6875,3.2613636363636367,1.263544536271809,0.9594778237770482
0.4166666666666667,0.425531914893617,0.3118724702341802,0.23167443176821378,0.16689291726462424,0.5082292678618741,0.4736842056310596,0.2068965468192629,0.4736842056310596,12,2.5,4.95,0.5875,0.9617649593932641
0.5789473684210527,0.6209677419354839,0.45496070963526947,0.3219235241339768,0.22718991356354817,0.5105055694179893,0.5103448225883472,0.21714285215085727,0.5103448225883472,1,0.9090909090909091,1.6727272727272737,1.1559322033898307,0.9641502143855121
0.3698630136986301,0.4484304932735426,0.31460753593721275,0.23004848341872636,0.16785990529885841,0.41797588730827545,0.38323352804618316,0.1917808170605285,0.33532933642941665,1,1.0769230769230769,2.313186813186814,1.1698950766747378,0.9089933720261962
0.3333333333333333,0.3883495145631068,0.20414831194547522,0.12033887966509539,0.07965377135422573,0.3109972677595628,0.3320158052786327,0.10738254534660625,0.300395251918949,3,0.8,4.233333333333334,1.3273195876288661,0.9312345768969542
0.3163265306122449,0.24055124757684024,0.11182048342648472,0.02008771288576909,0.008087485222321146,0.1858474292628923,0.23952095335652054,0.029411759898116892,0.20359280964394574,13,0.23529411764705882,20.294117647058826,3.0909090909090913,0.8865651505177444
0.44642857142857145,0.6275321971483825,0.516290792176841,0.45086531487552106,0.394815381306468,0.5718775319796704,0.5333333283401921,0.3773584855662356,0.5333333283401921,1,0.8888888888888888,1.0555555555555554,1.078512396694215,0.9582099776847863
0.2072072072072072,0.1643087576330562,0.07890766736594318,0.0458104689988005,0.025617719472091738,0.1596614218438096,0.2499999952662723,0.05761316401903543,0.23076922603550304,10,0.09090909090909091,95.27272727272728,6.695652173913044,0.945286691075708
0.6067415730337079,0.45089285714285715,0.3049742430392453,0.22785955639819938,0.17422253809426488,0.5083579889976523,0.43362831359816745,0.1999999950134432,0.39823008350967193,0,1.0,4.307692307692307,1.3333333333333333,0.8836349003738281
0.5585585585585585,0.6588155337629941,0.5366681945499006,0.4489504494335977,0.37658399337499215,0.6159176603597124,0.6285714235877552,0.3966480397326863,0.621428566444898,0,1.0,2.799999999999997,0.8852459016393444,0.9905522817519586
0.375,0.40384615384615385,0.2602728097283137,0.18643327219809455,0.13395714038498874,0.3789149593735597,0.3368421003429363,0.1333333283950619,0.32631578455346266,1,1.1,0.5181818181818176,0.9647495361781077,0.8486392816614439
0.6458333333333334,0.7324538439011519,0.6286966347457041,0.5444686344664079,0.47107415272685094,0.71600769578995,0.7434944187974187,0.5185185135253774,0.6988847533699094,4,1.3333333333333333,5.854166666666668,0.7201195219123505,0.9914547688371239
0.488,0.4031746031746032,0.27756032333654695,0.20426588627389367,0.15469921667986483,0.45443341861872427,0.3146067365764705,0.1042944735293013,0.29962546316823074,4,1.4444444444444444,1.1025641025641022,0.9564777327935223,0.9561225095853934
0.26956521739130435,0.3333333333333333,0.1809367161139365,0.10325459152458562,0.06104550857826092,0.29551350958903233,0.3083333283336806,0.07692307192527785,0.29166666166701394,3,1.3333333333333333,0.9166666666666679,0.9533898305084745,0.9162396098273131
0.18095238095238095,0.2524833206423619,0.14069944493015762,0.07484253680612467,0.047786903068713735,0.17751396648044693,0.21989528307338077,0.0480769182807882,0.21989528307338077,1,1.1111111111111112,5.433333333333332,0.6673469387755103,0.9370600284171882
0.2727272727272727,0.3451508251153529,0.17929290415773155,0.11434883599282145,0.06490144237395233,0.25368406991296033,0.2307692257698347,0.06306305807767267,0.20879120379181274,4,0.6,6.666666666666668,1.4166666666666667,0.9655224109305299
0.5737704918032787,0.6115702479338843,0.4735424207422438,0.36961328692280415,0.2854930468015487,0.5231442575517419,0.5249999950031251,0.31182795199849705,0.5124999950031252,1,0.9230769230769231,1.0064102564102573,1.1108757062146895,0.968180896435719
0.5403225806451613,0.49011233015149025,0.411474277444448,0.35275189646531435,0.29914479482253453,0.42774640786964163,0.612794607953837,0.4101265774887358,0.5723905675497966,5,0.375,35.375,1.8707692307692307,0.9627587644719262
0.3591549295774648,0.3401360544217687,0.22080920281275968,0.15234032917266122,0.0910929855728574,0.39728590120163604,0.33566433068414103,0.153005459492968,0.31468530970512015,16,2.066666666666667,4.382795698924731,0.6839330024813896,0.8670718683545015
0.29347826086956524,0.19590046011514742,0.10058506582251069,0.04627223426661565,0.013015524949531171,0.1864749976795846,0.28571428098055796,0.06986899106119289,0.252747248013525,2,0.8,9.05,0.6350806451612903,0.9665861449818269
0.632183908045977,0.6451612903225806,0.4940800368611955,0.39452676406501525,0.31712098158360963,0.5921246038379032,0.6310679561655199,0.42570280624893153,0.6116504804373646,8,1.6153846153846154,4.142857142857142,0.6813186813186813,0.946899423647388
0.7142857142857143,0.6490880604341128,0.5747707235685179,0.5107335163544966,0.4472297549001374,0.6542746828461115,0.6721311425893578,0.4929577415145805,0.655737699966407,4,0.6,3.7666666666666657,1.4007092198581559,0.9931759809453988
0.4621212121212121,0.4956521739130435,0.3083764851976417,0.20587166749316538,0.12487942323218192,0.3574951017201519,0.44699139902956464,0.19368420553803892,0.4297994219522008,2,0.8947368421052632,3.7678018575851375,1.2279880104908205,0.9415994068900049
0.23783783783783785,0.18387647781836938,0.12557365736970763,0.09352765316462759,0.06902158192838609,0.2170138888888889,0.28823528984861596,0.12616822010655968,0.28823528984861596,0,1.0,10.210526315789474,0.49347258485639683,0.959371146082833
0.43478260869565216,0.4343891402714932,0.2552613778869103,0.15132936171235106,0.08802997360011866,0.29161825412896863,0.3561643786167929,0.09285713793979616,0.34703195852546864,4,1.3333333333333333,3.604166666666668,0.7930622009569377,0.8315566923887512
0.28,0.37113858517532267,0.18167924942570585,0.08906653913471672,0.028588824526529544,0.2945662279272628,0.35937499501098635,0.08275861571843074,0.29687499501098635,2,0.7777777777777778,1.063492063492065,1.0947666195190948,0.948977742960789
0.42342342342342343,0.3738019169329074,0.26132496020143414,0.1818317279190728,0.12439104056241213,0.41793641873060944,0.3849056553979353,0.16519173542276885,0.362264145963973,12,2.090909090909091,4.573122529644271,0.7484782608695651,0.7954182630037455
0.5730337078651685,0.42657342657342656,0.3070752000824958,0.24221729580329793,0.18983797082812273,0.5047832813189541,0.59459458960474,0.3529411714921996,0.5675675625777129,13,2.1818181818181817,5.174242424242424,0.6972517730496454,0.9046429735469382
0.36764705882352944,0.41849811785061874,0.2581938642335393,0.17446055113288095,0.1192742700968682,0.2803390667270287,0.32302404999279655,0.10734462779134371,0.3092783455254426,7,1.5,5.4523809523809526,0.6637298091042585,0.9596210083960536
0.5657894736842105,0.42035398230088494,0.29632292571256025,0.20834481921559103,0.13262413766672615,0.4210244659267217,0.40211639712326086,0.15384614884820288,0.40211639712326086,3,1.2,0.155555555555555,1.0125448028673836,0.9178568657925525
0.46710526315789475,0.3602941176470588,0.23615745284671502,0.16680113239396308,0.11983438698866615,0.4256165202560787,0.41290322081394387,0.19306930194294689,0.3999999950074922,14,1.8235294117647058,1.603415559772296,0.8914021334018764,0.9058235234012826
0.36,0.4809200094797612,0.33126885757173063,0.24968483166510932,0.18595450626161014,0.44297598888217127,0.4532019654531777,0.19213973301271917,0.4532019654531777,0,1.0,1.5,0.8714285714285714,0.9931684724291672
0.4132231404958678,0.40487804878048783,0.25976850231840654,0.19430579733313016,0.14558681837495419,0.3811286867776634,0.3643410803145845,0.1656050905578321,0.3333333283766,7,1.5833333333333333,5.2938596491228065,0.6708481047177529,0.8910360476306421
0.5714285714285714,0.63,0.48727526710233127,0.3815853562069924,0.29593543230191505,0.6323341255583698,0.5142857092858776,0.3459915561822358,0.5028571378573062,0,1.0,0.9047619047619051,1.1049723756906078,0.9791423997301764
0.5925925925925926,0.5098039215686274,0.3774973454116006,0.28837132707064683,0.20690936534709936,0.5758285208051082,0.5096153796269416,0.2598425146853495,0.499999995011557,3,1.2307692307692308,1.8605769230769234,1.132172131147541,0.868920787561797
0.24096385542168675,0.21896179001320018,0.12553466920519699,0.07205098348814187,0.03760465322718528,0.2208154992522045,0.28402366399355766,0.08163264841316144,0.2721893444669305,5,0.5833333333333334,0.035714285714286476,0.9971988795518206,0.9801351403083984
0.3188405797101449,0.28061224489795916,0.1367753011080483,0.05944706206287963,0.01777958333095102,0.287426615116235,0.26277371763439716,0.07272726773186444,0.2481751774884118,1,1.1,6.818181818181817,1.6198347107438016,0.7654696428130446
0.7205882352941176,0.8055555555555556,0.6837837505821688,0.5981782666394839,0.520207413738825,0.7853471334165923,0.770053470935972,0.6052631529008927,0.770053470935972,0,1.0,0.09999999999999964,1.0069930069930069,0.9765706819113645
0.6601941747572816,0.6680851063829787,0.5343280412997446,0.42718408202559727,0.3383030606599077,0.6515746485374553,0.569169955478136,0.3850931627020563,0.5612648171382151,1,0.9473684210526315,2.21345029239766,1.204153182308522,0.9496002473055211
0.5157894736842106,0.5763364813676539,0.4314664653112277,0.34370502373251255,0.2723773765299356,0.49917522964935906,0.5299145249159911,0.2866894148022691,0.5128205078219739,0,1.0,0.5,0.9744897959183674,0.9842126315603665
0.2840909090909091,0.4155844155844156,0.2412651903717434,0.1343656385640736,0.07821315939956644,0.2881204388381422,0.3140495817778082,0.10893245688410462,0.30303029803125175,13,1.6842105263157894,5.796052631578947,0.6241467576791809,0.9299370778386402
0.24786324786324787,0.19902912621359223,0.10793741444417318,0.0571696569023846,0.01704451969963875,0.2304828519855596,0.20999999500800012,0.07048457650022352,0.18999999500800013,7,1.7,0.9823529411764707,0.9250112258643916,0.7747651946765232
0.19111111111111112,0.048276666715877714,0.02235245058413965,0.010900933972193686,0.003135917498983005,0.08314946370047038,0.12054794140799412,0.029473680372654243,0.10410958524361058,7,0.4166666666666667,8.583333333333336,0.7984344422700587,0.9277479069015757
0.5822784810126582,0.6402877697841727,0.5491673871427916,0.46283556494299366,0.388542172331241,0.6453614023853358,0.6553672266462385,0.4541062751942869,0.6553672266462385,7,1.5833333333333333,3.4342105263157894,0.6805385556915545,0.9507307842547011
0.35443037974683544,0.35658920887098305,0.2145521924346162,0.12439558005061421,0.07469921796287021,0.27540956626510926,0.29447852263916596,0.06829267802688911,0.29447852263916596,10,0.5,5.0,1.5747126436781609,0.9111617389169007
0.4017857142857143,0.48333333333333334,0.3117798965786834,0.22523768215660955,0.15760980658272644,0.3750637335802171,0.44999999502812504,0.17508417009103394,0.4333333283614584,5,1.4166666666666667,4.411764705882353,0.7058823529411764,0.9725240035955164
0.3473053892215569,0.4292682926829268,0.263193233265701,0.17888048090569333,0.1208902308272575,0.3155873491772485,0.4060913656001186,0.16578482748884113,0.3959390813361592,1,1.0666666666666667,1.2416666666666671,0.9537841191066997,0.8847277106488984
0.6666666666666666,0.65,0.5789819736279909,0.5200720292144188,0.46229852884876516,0.7186588273801877,0.7115384565500186,0.5254237238167911,0.701923071934634,9,1.9,6.078947368421053,0.5807622504537204,0.9685406916651855
0.44047619047619047,0.3548387096774194,0.2563413196550355,0.19191772166249654,0.13934687423885517,0.5237811836800095,0.4756756708160701,0.22624433901680974,0.4648648600052593,8,1.7272727272727273,1.2392344497607652,1.1217105263157894,0.8070021949875805
0.2866666666666667,0.30197347966591237,0.18751079372736815,0.12640877308249,0.08952744961198533,0.22848131333166816,0.3381294914962994,0.10951008154706067,0.3237410022876664,6,0.6,5.488888888888889,1.3488700564971752,0.9492691992664328
0.5223880597014925,0.6625766871165644,0.48705114095537283,0.36868568370101024,0.27565616069693477,0.5994746241001825,0.652631573961219,0.360784308729258,0.6315789423822715,1,1.1,0.7818181818181813,0.94988344988345,0.9619688855631393
0.5478260869565217,0.4450192599534133,0.3104848160370354,0.2080706982011162,0.1282206204753488,0.38033748619453805,0.43243242744502913,0.17159762817040738,0.40926640427900607,0,1.0,4.142857142857142,0.795774647887324,0.9537266269119118
0.3277310924369748,0.36363636363636365,0.24680702093691814,0.18386545522034511,0.13806697065408485,0.4454977168949772,0.3465346485756299,0.17427385405209977,0.3465346485756299,4,1.4,1.742857142857142,1.140552995391705,0.9596321009058852
0.5416666666666666,0.6535379446044723,0.5327035853484935,0.43925090049745324,0.35249857730900686,0.6348850044586154,0.5320196994433256,0.3388429702151493,0.5024630491970201,3,0.7272727272727273,4.965909090909092,1.3570261437908497,0.9777266298978246
0.3564356435643564,0.5330405887981882,0.3953691940871174,0.31567554603610365,0.2550967346307026,0.48228340930109664,0.470588230301807,0.27049179828708686,0.4509803871645522,1,1.1,2.372727272727275,0.8526256352343308,0.9674038395225207
0.42857142857142855,0.4696969696969697,0.34180137547990785,0.24955507795278514,0.17401814948421893,0.4328002628840572,0.43564355936868937,0.17427385393157843,0.43564355936868937,2,1.1176470588235294,0.5386996904024759,1.0545112781954886,0.931472620481688
0.6187050359712231,0.555984555984556,0.4428352739157192,0.37298505001845345,0.3084276275385796,0.5795125143877904,0.5523255764090388,0.3444730027216315,0.5348837159439226,0,1.0,0.9411764705882337,1.0658436213991769,0.9555159825800774
0.2872340425531915,0.49599910810054054,0.27812639160268676,0.17667849485304765,0.10258505729611533,0.37944022316684384,0.35294117148788934,0.10650887074122078,0.32352940678200703,4,1.5,10.291666666666666,0.568935427574171,0.989293928883868
0.5555555555555556,0.39622641509433965,0.27612580752198423,0.20493773153670292,0.14287420120165892,0.5236042032337161,0.46456692417136836,0.22560975117192156,0.46456692417136836,1,1.0666666666666667,7.741666666666667,1.6380494505494505,0.8496566535734058
0.32978723404255317,0.29464285714285715,0.1665732174489658,0.09791411136736206,0.05304546784495294,0.39078100231334467,0.34831460178197204,0.07511736590535421,0.32584269166961244,3,0.7857142857142857,10.720779220779221,2.1117845117845118,0.8836913722360976
0.514792899408284,0.5218508997429306,0.3555668647365008,0.25203202042294676,0.17758060873043516,0.4494684414266375,0.4808184093623145,0.2313432786099355,0.455242961791982,12,1.631578947368421,5.556876061120542,0.6930795198799701,0.9591927810204106
0.47674418604651164,0.5648854961832062,0.4322577252579928,0.33451517386977936,0.2508640751901821,0.5923436516203454,0.49450548950790973,0.2801932317160261,0.4725274675298877,0,1.0,0.3636363636363633,1.031496062992126,0.9675529759851846
0.5161290322580645,0.475177304964539,0.3346730927746592,0.22765494789865878,0.15991582118656342,0.4542156979675384,0.42105262661011084,0.233333328338889,0.42105262661011084,3,0.75,5.916666666666666,1.6068376068376067,0.9429345325695807
0.367816091954023,0.4017094017094017,0.2785378984001341,0.19469059240728362,0.1320450057192295,0.44085420054200536,0.3636363586368738,0.1381818131818845,0.35353534853586377,6,0.5714285714285714,16.464285714285715,2.287709497206704,0.8971829390071033
0.30952380952380953,0.31991922490780517,0.1911402896879241,0.12646271631377037,0.0880632866749132,0.2935244984069577,0.30379746339368696,0.1220338933534044,0.27004218913208355,6,0.5,12.0,1.75,0.951366295899603
0.7560975609756098,0.723404255319149,0.618852747755276,0.5350629822383832,0.4533713211761053,0.7703182720413667,0.784946231559718,0.6403508721929825,0.7634408552156319,5,0.7368421052631579,4.428571428571429,1.492063492063492,0.9625857171339057
0.5638297872340425,0.5039370078740157,0.4041427498246715,0.3386741287296644,0.2690746846548823,0.5786763068235156,0.5495495445641589,0.32116787823325704,0.5405405355551498,10,1.588235294117647,2.3572984749455355,0.7996296296296295,0.9648993947707547
0.5,0.3495575221238938,0.236231225713369,0.17214476136615814,0.12263795878851441,0.37625098620009395,0.36868686369503123,0.1691729273537228,0.35858585359402106,32,3.6666666666666665,17.393939393939394,0.37130339539978097,0.8832474592372408
0.6617647058823529,0.7534246575342466,0.664577106345604,0.5961400054911958,0.5297533649023248,0.7941381335769191,0.6863905275459543,0.5023696632465579,0.6863905275459543,1,0.8888888888888888,2.8055555555555554,1.1816546762589928,0.993023151333064
0.65,0.5850340136054422,0.4779159865951552,0.39486548556956763,0.3160398631696551,0.63099296448917,0.590604021845863,0.36458332833333335,0.590604021845863,3,1.2727272727272727,0.7727272727272734,0.9314516129032258,0.9568703911483964
0.30201342281879195,0.2860696517412935,0.1413327218877498,0.07859237774039418,0.038741931242214096,0.24074638944223103,0.31893687208088217,0.09361701628392965,0.31893687208088217,12,1.8571428571428572,5.252747252747254,0.746419098143236,0.8295706105964152
0.4581497797356828,0.4634760705289673,0.3059926950105041,0.22015920458785146,0.1561821053500803,0.40568471857649174,0.4301075219011678,0.17687074330909588,0.3913978444818129,19,2.0555555555555554,9.436936936936938,0.5320527138708957,0.9290961874084503
0.6585365853658537,0.6846473029045643,0.5627160719167004,0.4768033951148675,0.4008948159286966,0.7135271248445937,0.6820276447722399,0.5017921096954048,0.6728110549104888,1,0.9523809523809523,2.192857142857143,1.222463768115942,0.9243957506948847
0.32061068702290074,0.3510525356500039,0.17576203189073802,0.09606596230987932,0.05768523050914989,0.22586847402487945,0.2866043564235596,0.06493505997638763,0.26168223804349733,25,3.5,26.942857142857143,0.28343465045592703,0.9490455921590352
0.4050632911392405,0.4662914019068275,0.3762835603715376,0.3138554335136696,0.25419607246035864,0.4069448345553221,0.42105262661742077,0.2727272677607438,0.3976608137519237,0,1.0,0.9090909090909101,0.9280575539568344,0.8909135759921031
0.654320987654321,0.7081967213114754,0.6255972125127398,0.553570716604637,0.4784795032345593,0.8749708734341738,0.7428571378672222,0.5934065884139899,0.7020408113366098,10,1.6666666666666667,4.0,0.7530864197530864,0.969890149746487
0.4067796610169492,0.4064516129032258,0.2951216261027788,0.23205176620830023,0.1752737578898187,0.42119565217391297,0.520547940239257,0.30601092397981433,0.5068493101022707,1,1.0909090909090908,1.0075757575757578,1.0846055979643767,0.9431178854825724
0.40860215053763443,0.3388259310518212,0.2535007465884545,0.19644272464730345,0.15238687366018688,0.3417377243067055,0.4784688947963646,0.2362204678653358,0.4784688947963646,1,0.9444444444444444,4.676470588235294,0.6258823529411764,0.9648860754754026
0.6111111111111112,0.7211225862576189,0.6237084286425284,0.5561478324845279,0.4934158941359391,0.7013337387317418,0.6742857092858775,0.48826290579911397,0.6742857092858775,1,1.0909090909090908,1.3939393939393927,0.8904761904761905,0.9903710362158651
0.5344827586206896,0.6470588235294118,0.4967491528301659,0.4065355544620879,0.3298396431698169,0.6495467924735915,0.5333333283342223,0.358381497891677,0.5199999950008889,1,1.1111111111111112,0.655555555555555,0.947787610619469,0.961754538667687
0.4716981132075472,0.4835695906475671,0.3692055225291681,0.30869173816835094,0.24869817318371243,0.4113971620146578,0.40624999505981446,0.26751591860116036,0.3749999950598145,0,1.0,1.0,0.9065420560747663,0.9403432961214189
0.4056603773584906,0.33636363636363636,0.21820430214853961,0.15138026337814617,0.10483297464701033,0.38887054800412935,0.4140969113508898,0.17647058331341925,0.40528633866366515,10,1.8333333333333333,1.416666666666666,0.8759124087591241,0.886909221036511
0.4444444444444444,0.5725190839694656,0.4249278892918918,0.32178340083008805,0.22934423529058798,0.5912217691063846,0.5170067977213199,0.2762430889301304,0.5170067977213199,3,0.75,4.805555555555555,1.4928774928774928,0.9924001292167043
0.42857142857142855,0.5862220694846947,0.46281758692178365,0.3850302986334621,0.30781539612035586,0.5479139218269653,0.5196850343728688,0.3506493456704335,0.5039370028768059,1,0.9090909090909091,0.12727272727272698,1.0137254901960784,0.9849845818554902
0.48598130841121495,0.4596774193548387,0.31406247106588514,0.21601888150958726,0.15032159400149686,0.43767282597827495,0.4418604601189833,0.18749999500019546,0.43410852213448714,4,1.2352941176470589,0.3669467787114833,0.9698642742121004,0.916071193894488
0.627906976744186,0.5835138319397801,0.4951028663676372,0.44205055122493336,0.3983340200981594,0.5743869323775633,0.5985915443515671,0.42477875616641,0.5845070373093137,4,0.6666666666666666,3.75,1.1829268292682926,0.9872670141569886
0.5342465753424658,0.6090654323478898,0.4844540230760197,0.3824155735794027,0.30024562923527043,0.5794520261944526,0.5390070872290127,0.3456790074074075,0.5390070872290127,1,0.9,1.1111111111111107,1.101010101010101,0.9003165136312613
0.4782608695652174,0.6529571178238028,0.5103340784644208,0.4157799779366789,0.33443816359661194,0.5859200473594853,0.5808823479479348,0.37223974264008997,0.5735294067714642,2,0.8888888888888888,1.0069444444444446,1.0910804020100502,0.9966278634427488
0.3591549295774648,0.4568439638718691,0.2849507500379242,0.20644999733007283,0.1503907903927891,0.2910654333463335,0.3446153796949586,0.13270141685530443,0.3323076873872663,2,1.1538461538461537,3.8256410256410263,0.8236406619385342,0.9537090407677467
0.4722222222222222,0.3972602739726027,0.2617119612951068,0.1957104658477351,0.14945483465697745,0.386333658581461,0.3396226365191251,0.14285713788672882,0.3270440201669238,0,1.0,2.1999999999999993,1.1774193548387095,0.8249159648003367
0.5825242718446602,0.5765230571712266,0.4069002094544718,0.3015922924578527,0.22288164087973672,0.4906334477282501,0.463519308337969,0.18055555060980913,0.4463519263637201,4,1.4444444444444444,6.777777777777779,0.6887755102040816,0.9494235304586377
0.7142857142857143,0.7391304347826086,0.6576505697416574,0.5962356216218802,0.5392653952384618,0.7652743020046157,0.6910298953322811,0.5606468952704501,0.6710963405150053,0,1.0,0.5555555555555571,1.0222222222222224,0.9937991262999659
0.56,0.5681818181818182,0.426808110374198,0.3219010827685664,0.2289618873616013,0.5220548682087144,0.5280898826410807,0.29411764206314883,0.5056179725287212,0,1.0,0.0,1.0,0.9801657938280965
0.32386363636363635,0.4010152284263959,0.21899443877378208,0.13517305311366293,0.08552633554254023,0.3550674725199505,0.21122111711226582,0.06760562880317435,0.21122111711226582,3,0.7692307692307693,15.707692307692305,1.6629870129870128,0.9271714786185846
0.28095238095238095,0.09318813475879031,0.0567396225808507,0.03666027088298689,0.0206839958172531,0.15414889637111862,0.2421052591822715,0.06060605679126645,0.19473683812964,15,0.0625,162.25,5.538461538461538,0.9211196461015645
0.5092592592592593,0.635193539422194,0.502686571853391,0.4242711043274721,0.3586778085363149,0.6160723503856677,0.5892116132821406,0.3999999950268889,0.5892116132821406,2,1.1176470588235294,1.4520123839009287,0.8714364035087719,0.9656373008006387
0.5148514851485149,0.6084656084656085,0.46217990739727766,0.3611996887396171,0.2770988358254711,0.5612328718694176,0.5607476586252075,0.2857142807696874,0.5514018642326841,1,1.1,0.918181818181818,0.9492717227523858,0.9439653212448849
0.2549019607843137,0.3073170731707317,0.17786393974522482,0.1100535414388968,0.06559714116781222,0.32681990201988986,0.323232318264973,0.09361701630928049,0.323232318264973,11,1.9166666666666667,1.8369565217391308,0.8291203235591507,0.8587109164804944
0.7101449275362319,0.7253521126760564,0.5782578833033211,0.47546369652192677,0.3943898557817125,0.6930391329614032,0.6492146546925798,0.40740740242283957,0.6178010421271346,4,0.6923076923076923,4.931623931623932,1.454688731284476,0.9866813349223733
0.4090909090909091,0.5056197824803031,0.29833630201459216,0.21116430582403445,0.1508340103245144,0.37589398841872695,0.4605263107894737,0.2736842055268699,0.4605263107894737,6,0.6470588235294118,3.4652406417112296,1.3704974271012007,0.9744874841073446
0.22105263157894736,0.33599987641113865,0.1834787728411082,0.11856767694259344,0.07800008904466296,0.2203344026441139,0.28571428080065314,0.04102563609520112,0.2628571379435103,6,0.5384615384615384,5.648351648351648,1.5692137320044297,0.9575942535486189
0.5,0.549645390070922,0.385562627420384,0.29583720948754405,0.225673659202872,0.5393176468241169,0.44217686575038184,0.2615384565385931,0.4353741446619464,5,1.5555555555555556,6.3015873015873005,0.7617046818727491,0.9714839532351882
0.6986301369863014,0.675,0.5412250255687433,0.44379523988637254,0.3572888979552374,0.701318365159507,0.652173908044069,0.44339622141909935,0.652173908044069,0,1.0,1.25,1.103448275862069,0.9481949896587664
0.45930232558139533,0.42652241960268894,0.27186699826026506,0.1799167959738065,0.1110159176270108,0.3791816728519572,0.38244513611933856,0.11904761411848094,0.3573667662133823,10,0.375,26.125,2.421768707482993,0.9630787296411061
0.27380952380952384,0.4441221840060489,0.2955712072086001,0.19256840027544336,0.11977947788610237,0.3828260562121159,0.40223463189788083,0.1818181768340175,0.32402234139508757,7,0.36363636363636365,22.727272727272727,2.488095238095238,0.9474156408239353
0.7435897435897436,0.6703296703296703,0.5593035962878415,0.47599099394565814,0.3982820864583536,0.686245572609209,0.6238532060095953,0.4776119352985075,0.6055045821563841,1,1.1,0.12727272727272698,0.9848484848484849,0.9776097334863378
0.2265625,0.26384364820846906,0.15537875030138257,0.09473261482602291,0.06006824693072982,0.28931631810566644,0.21145373950125188,0.05960264401013156,0.21145373950125188,5,1.3333333333333333,2.3499999999999996,1.1807692307692308,0.73957819128266
0.4411764705882353,0.4426693103759641,0.289938783775064,0.19117392824510399,0.11772416771679824,0.33020066518484303,0.38686130890084713,0.13720316128542706,0.37956203882785444,2,1.105263157894737,1.784461152882205,0.8789115646258504,0.8742511549376845
0.6428571428571429,0.7737728803856047,0.6921739900498631,0.6203958073945025,0.5453576004707683,0.8007613167535892,0.7174603124643992,0.5816326480659101,0.7174603124643992,1,1.0555555555555556,1.1461988304093573,0.9168081494057725,0.9960000081593273
0.3404255319148936,0.3522110616388694,0.15797079994289662,0.08172729759278033,0.040162216767852664,0.2287313006737467,0.26865671142100445,0.03187250496087442,0.2388059651523478,3,1.3,6.392307692307691,0.6755173760249903,0.8894144698737951
0.4012738853503185,0.4710449989656869,0.28752937127209194,0.17457881576252632,0.1022735424412695,0.3516884846444853,0.41833810392722565,0.12093022761049237,0.4011461268498617,4,1.3076923076923077,5.714932126696834,0.7346638655462184,0.9566730183752726
0.6219512195121951,0.6724137931034483,0.5141024949598073,0.4315852366472834,0.36796054911414816,0.6892337836113671,0.5970149203762284,0.4344262245085327,0.5870646716200094,1,1.0526315789473684,0.22631578947368425,1.0267080745341615,0.9784655893529802
0.4098360655737705,0.36065573770491804,0.21838043617304564,0.149889408475145,0.10167456131118494,0.3202659471024948,0.29921259342798695,0.14666666168888906,0.28346456193192393,1,1.1,1.1909090909090914,1.120293847566575,0.8462104566206062
0.6575342465753424,0.6829268292682927,0.5884208755023326,0.5131520496847884,0.43809332209117896,0.6765046576902339,0.6883720880320174,0.49511400152107715,0.6697674368692267,5,1.4545454545454546,6.789772727272727,0.7254136029411765,0.9644221449187471
0.4177215189873418,0.3967611336032389,0.27532518304748477,0.2061690892835645,0.15532349778822227,0.541901341957548,0.3199999950863674,0.11607142366111307,0.29714285222922454,1,1.0666666666666667,5.970833333333333,1.6307218309859155,0.877900356573103
0.5517241379310345,0.6153846153846154,0.4436581783147025,0.33035565606522216,0.24947762736702608,0.5487108419811866,0.5811320705030972,0.2917771833720072,0.5811320705030972,1,0.9230769230769231,2.4423076923076934,1.1202651515151516,0.92360771606709
0.5454545454545454,0.4853801169590643,0.35038923759022256,0.25538793262146037,0.1798581922250136,0.5062981591559551,0.47368420554016627,0.23280422781557075,0.47368420554016627,3,0.7692307692307693,6.100000000000001,1.5545454545454547,0.9518048795802285
0.30412371134020616,0.4830287206266319,0.31405238586955425,0.2248994575580912,0.15269493390321343,0.3891119337053646,0.4310776892883839,0.19863013201216234,0.4310776892883839,1,1.05,0.16190476190476133,0.9912008281573499,0.9220048720480131
0.2911392405063291,0.11229140112521828,0.06895243195584554,0.04353529886399039,0.012747370016046053,0.17590734636208413,0.24827585773697985,0.08938547093536424,0.2068965473921523,6,0.45454545454545453,2.0545454545454547,0.8670588235294118,0.973378303787451
0.5952380952380952,0.5978835978835979,0.49162752636152107,0.4153957958037014,0.3455602639040799,0.7314664568876783,0.6698564543494885,0.4184100368557974,0.6507176983686273,15,2.25,4.666666666666666,0.6,0.915184377580586
0.38405797101449274,0.3730769230769231,0.20082987908336833,0.1355633549143984,0.09243176958352468,0.29511344378665083,0.36363635864322236,0.11046511127974604,0.3569023519092157,4,1.2857142857142858,2.2698412698412707,0.8641975308641975,0.8878096420263079
0.4125,0.3541666666666667,0.24359150998080678,0.15824796732066956,0.09978494794098533,0.4807652643191397,0.42307691815910586,0.19999999512098776,0.42307691815910586,5,1.4545454545454546,2.7272727272727266,1.2941176470588234,0.9037236071910004
0.15463917525773196,0.18827030457821536,0.09024615435794267,0.019969761919269625,0.008910041135433847,0.18468826608361488,0.17333332846133348,0.02453987240016658,0.15999999512800014,7,0.36363636363636365,12.636363636363637,2.219298245614035,0.9282852518046455
0.3888888888888889,0.319596847397788,0.17409778211152252,0.09368809491313727,0.026563670107740602,0.25911546252532075,0.28235293629342567,0.07070706583766996,0.24705881864636686,5,0.5454545454545454,5.015151515151514,1.362938596491228,0.9362797829417611
0.5470085470085471,0.3241379310344828,0.19895643842058405,0.13441863338442725,0.0910661399531329,0.4688678595336771,0.4285714236520534,0.17291065788736737,0.4206349157155455,0,1.0,16.083333333333332,1.7975206611570247,0.853734134625395
0.32,0.36,0.21170563787588115,0.12439827123663713,0.06844778000311215,0.3039631906684242,0.33195020246965445,0.13043477760888872,0.33195020246965445,13,1.9285714285714286,4.812169312169312,0.6580184245158864,0.8806132503625944
0.23853211009174313,0.2565762116757376,0.13767630043910628,0.06869504817016618,0.04243222585523097,0.22526244267029047,0.2487562141560853,0.04999999527222267,0.23880596539986645,2,0.8,1.75,0.9027777777777778,0.904964568957589
0.4935064935064935,0.5721153846153846,0.45224367369141344,0.35319476495636826,0.2763360857202753,0.6374010054191563,0.5235602044636934,0.33333332834739443,0.5235602044636934,2,0.8181818181818182,8.11111111111111,1.5407407407407407,0.9061457925430805
0.42592592592592593,0.553803811301461,0.42349342775317667,0.3238596208266366,0.25286637498286396,0.39450026002683924,0.47389557735842974,0.22929935810925403,0.44979919181626105,2,1.1428571428571428,2.6517857142857135,0.83125,0.9664060922512039
0.43434343434343436,0.404,0.26104516527461874,0.17018113710028104,0.10320974653993256,0.5132873498827071,0.4128440317077688,0.1249999950012209,0.4128440317077688,4,0.7333333333333333,12.06060606060606,2.1306818181818183,0.878021447767941
0.34710743801652894,0.3806905401630536,0.19613022963641433,0.11122846580987288,0.057750311606477485,0.29559355880205046,0.4272727223921488,0.14285713800408179,0.4181818133012397,5,1.2941176470588236,5.981283422459892,0.5440277211577661,0.9861853572002967
0.29245283018867924,0.3136039269887379,0.19482378454905525,0.12414080435629593,0.07883378472998818,0.24260943982163122,0.3909090859900827,0.14126393562554432,0.3818181768991736,7,0.46153846153846156,10.35897435897436,1.7240143369175627,0.8968951852424848
0.49137931034482757,0.3585526315789474,0.22026580023895465,0.14527226322766387,0.09363124518418083,0.44897295645368734,0.33606556877082777,0.08873719636664405,0.33606556877082777,3,0.85,8.682352941176472,1.9437340153452687,0.7579318181815805
0.5194805194805194,0.40707964601769914,0.3037620556137295,0.24210283741598887,0.19757956654845488,0.50940228522637,0.47398843435463933,0.29729729234640057,0.4624277407130208,4,1.3636363636363635,0.06666666666666643,1.0044444444444445,0.9226518296777023
0.2753623188405797,0.2798048530150911,0.14661949449892547,0.08398595098267253,0.04118938237189214,0.21495164977893227,0.2801932317767043,0.07905137842178475,0.2608695602791197,7,0.36363636363636365,19.727272727272727,2.1421052631578945,0.8269336432760029
0.38596491228070173,0.33482142857142855,0.2324906230673006,0.18067634468146584,0.14189868256113336,0.432251835496711,0.41509433466714135,0.21011672654483807,0.41509433466714135,12,1.8571428571428572,1.6703296703296715,0.8376068376068375,0.8727144013485151
0.6781609195402298,0.677570093457944,0.5668236986476505,0.4813983190416454,0.394845333222656,0.712176723865026,0.6457399053220456,0.4391891841901023,0.6457399053220456,7,1.411764705882353,3.0245098039215694,0.7467159277504104,0.9736919632039075
0.5,0.37050359712230213,0.26118090230738344,0.1890699648968519,0.12940436127932045,0.49903909383027617,0.4568527868886083,0.26819922874884405,0.4467005026246489,11,2.2222222222222223,3.322222222222221,0.8070967741935484,0.7993075597931695
0.7553191489361702,0.6472602739726028,0.5397947169000127,0.4606046796972474,0.3885380253876104,0.7631824090703404,0.6846153796156805,0.4738461488462012,0.6769230719233728,2,1.1428571428571428,1.8928571428571423,1.1157205240174672,0.9181202402742369
0.42424242424242425,0.5921653626850814,0.41412544731216033,0.2864257278889084,0.18969399246259436,0.5283474846816795,0.5333333283555556,0.23255813455178484,0.5199999950222223,1,1.1,1.3454545454545457,0.8754208754208754,0.9765419650538393
0.6292134831460674,0.7604166666666666,0.658752655464875,0.5635208911218527,0.47124742143643317,0.7570429259963405,0.7123287621233919,0.546099285781148,0.7123287621233919,2,1.1176470588235294,0.42414860681114597,0.9597177300793883,0.9934014098973203
0.15384615384615385,0.3202545373665594,0.1522393476910149,0.07922025096939161,0.04185966889140574,0.2195646080538167,0.2190476140494332,0.023999995015681036,0.2095238045256237,8,1.8,6.855555555555556,0.5519244734931009,0.9724051759932235
0.8679245283018868,0.8061073505079268,0.7299499712595365,0.6638293133154871,0.5951483194428981,0.7902054305167463,0.8299319678171133,0.6857142807418777,0.8163265256402426,2,0.8823529411764706,0.16862745098039245,1.0217171717171718,0.9819356134128152
0.29239766081871343,0.33217993079584773,0.1663780661615406,0.10434748059973162,0.06562611964590881,0.25231928431515893,0.27652732619100306,0.0862944112457165,0.2700964580238005,12,1.75,5.303571428571429,0.6605714285714286,0.8256674074370346
0.47126436781609193,0.5773985894761704,0.46924310929357366,0.3898460636241235,0.3182398268820426,0.48998959650115503,0.5628140653882477,0.37037036541516377,0.5628140653882477,8,1.7272727272727273,6.827751196172249,0.5475586556753329,0.9585742843904141
0.39823008849557523,0.3220973782771535,0.25093107574787327,0.20778520582279625,0.17355211358499917,0.554350445890576,0.43835615961385294,0.2846441899535693,0.43835615961385294,7,1.6363636363636365,3.5606060606060606,1.3158602150537635,0.86732794392984
0.5894736842105263,0.6660920447026305,0.5452987669769142,0.4605447151334049,0.38095756611031384,0.648550109699052,0.5991902784028587,0.38666666167466673,0.5829959464190531,1,1.0588235294117647,1.0915032679738559,0.9062850729517397,0.9896429383654303
0.5714285714285714,0.5677083333333334,0.4223004810973799,0.31122244548370714,0.22618280758150341,0.5726830629094197,0.5217391254442345,0.2614840939429885,0.4956521689224953,8,1.7272727272727273,6.167464114832537,0.6209938253454865,0.9657081941078602
0.49514563106796117,0.42916666666666664,0.29662795729468,0.21864503500575896,0.1558287779071678,0.3869609903582029,0.3652173863137997,0.18374557803893182,0.3652173863137997,12,2.2,8.290909090909091,0.5681818181818181,0.9054638235753147
0.6153846153846154,0.6518987341772152,0.5352599978879712,0.44867435895295066,0.37290513048637663,0.6170809119580424,0.5777777727944693,0.41129031758194595,0.5688888839055802,3,1.2142857142857142,1.848739495798318,0.8340874811463048,0.9858585844428216
0.5131578947368421,0.5096525096525096,0.400008978977969,0.3398184411121932,0.2889671809012849,0.6287820992833849,0.532663311611323,0.38490565538939125,0.5226130603550416,1,0.9285714285714286,5.9945054945054945,1.4303747534516764,0.9380880152416742
0.3416666666666667,0.3347107438016529,0.19364584693679807,0.11856477836771412,0.07913882913389403,0.2698183250361294,0.3046874950439454,0.09615384116699567,0.2968749950439453,2,1.1538461538461537,1.5179487179487179,1.103859649122807,0.9025271276505585
0.3333333333333333,0.3533333333333333,0.20078147102047392,0.1052667047366895,0.05217735395717071,0.31772487294292456,0.28749999501250006,0.06153845653859344,0.28749999501250006,1,1.0909090909090908,1.3181818181818183,1.1178861788617886,0.8852327483159739
0.7972972972972973,0.5847457627118644,0.4742385648886435,0.3911441239223979,0.31713727417228904,0.6506073004412354,0.639053249438045,0.4126984076996725,0.639053249438045,6,0.4,18.5,2.6818181818181817,0.9675458931398528
0.4583333333333333,0.49219800091078325,0.32029720869614225,0.22152167180327625,0.1395785308567419,0.43121145084020684,0.45128204630427354,0.1909090859355373,0.42051281553504277,3,0.7272727272727273,3.8977272727272734,1.3062500000000001,0.9599989381752753
0.6166666666666667,0.5316967903919054,0.4639224443806109,0.405707886358317,0.3453166535690942,0.4983647582823638,0.5112781905116175,0.33540372173141475,0.5112781905116175,0,1.0,0.7272727272727266,0.9480519480519481,0.9342615317213268
0.2692307692307692,0.1778643568933232,0.0979118470417316,0.04237269455319168,0.011510263833382923,0.1640330825585128,0.2605363939730774,0.07954545014608108,0.2528735587240352,16,0.15789473684210525,43.29824561403508,3.492929292929293,0.9117454002729299
0.39473684210526316,0.29273122670385254,0.18436590362225327,0.11970071186442857,0.06970601072998443,0.2293867084037605,0.3445378104028671,0.11688311231004403,0.3445378104028671,8,0.5294117647058824,1.0522875816993462,1.0616858237547893,0.9206161196933642
0.75,0.6987951807228916,0.49712662470175956,0.34472238471251637,0.25095629558582244,0.7272005815209441,0.6078431322856594,0.4112149482924273,0.6078431322856594,0,1.0,0.8000000000000007,1.1066666666666667,0.9168117853181635
0.6228070175438597,0.736,0.629349125116688,0.5582080170849311,0.49099200885537303,0.6900033385738654,0.6183206056881884,0.4444444394446155,0.6183206056881884,3,0.7692307692307693,6.46153846153846,1.3485477178423235,0.9890791809918623
0.6493506493506493,0.7225130890052356,0.5515578278620372,0.4438423474023338,0.3524352258657417,0.6715596835259745,0.6545454495557852,0.3793103398428062,0.6363636313739671,2,1.1666666666666667,2.1904761904761916,0.8616541353383458,0.9637247693077716
0.3231707317073171,0.3867924528301887,0.22092220045448477,0.14071791272152362,0.08739911024653775,0.2814770658653399,0.30061349193552644,0.09501187148526609,0.29447852261037305,2,1.125,0.7916666666666679,1.0469135802469136,0.9105881388447675
0.6163522012578616,0.6397157851633312,0.5632350537230125,0.5039624743146665,0.4489954065098682,0.5863845887377338,0.6456140301099416,0.44036696750628923,0.6245613985309942,1,0.9285714285714286,2.2967032967032956,0.8913721413721414,0.953701268863618
0.5797101449275363,0.6946107784431138,0.5676257354480064,0.48735172488757067,0.417512284459781,0.6812348176490043,0.6192893351047437,0.3621399126996224,0.5888324823128656,1,0.9090909090909091,2.1545454545454543,1.148125,0.9767684997380006
0.2441860465116279,0.23333333333333334,0.12940792666314374,0.07040655209083216,0.035317261196212126,0.3709722897423433,0.24561403027393053,0.0510204034631408,0.24561403027393053,7,1.7777777777777777,3.125,1.3125,0.8235885251227226
0.3392857142857143,0.3478260869565218,0.22878540307131856,0.15203557402569964,0.10330670197035001,0.4020995902208222,0.36279069272212017,0.16600790022340622,0.36279069272212017,11,1.9166666666666667,1.833333333333334,0.8307692307692307,0.8728479674858188
0.5543478260869565,0.46534653465346537,0.3227724585478825,0.23550573179852358,0.1690503660963428,0.5531315210913744,0.5024154539382484,0.23715414519833158,0.5024154539382484,9,1.9,4.568421052631578,0.6994459833795015,0.9038046910294342
0.6116504854368932,0.5511363636363636,0.4046804094173991,0.29015695848739503,0.18704791951835323,0.48120178560310745,0.5101214524938945,0.24561403008925833,0.4939271205100887,8,1.8,7.422222222222221,0.5684754521963825,0.9824763236902937
0.5,0.6224737680102108,0.49673076880548417,0.4097258712582671,0.3392651228130844,0.5383018308415035,0.5407725271963014,0.37638375884315306,0.5407725271963014,5,0.75,2.5166666666666675,1.2876190476190477,0.9910880781005349
0.6571428571428571,0.6423841059602649,0.5591305138939646,0.5074182521742892,0.4648635556989207,0.7793993371553556,0.7134502874470778,0.5523809474176872,0.7134502874470778,1,1.1,1.8272727272727263,1.1535523300229182,0.9888000316814441
0.391304347826087,0.3826086956521739,0.2585173363903348,0.17384925279947008,0.11133748340200131,0.35586011342155,0.39810426042811264,0.19999999503579893,0.39810426042811264,10,1.9090909090909092,3.5930735930735924,0.7529761904761905,0.8956455492004173
0.37755102040816324,0.5359712230215827,0.4398765920724573,0.3698117605655244,0.30422142847013306,0.5180463691527276,0.45833332833333335,0.28148147648175587,0.45833332833333335,1,1.0666666666666667,0.24166666666666714,1.0141050583657587,0.93541397131565
0.31645569620253167,0.47368421052631576,0.3225941500491492,0.24618051786169148,0.19060663731481972,0.37406915531465845,0.4415584365584416,0.22564102066324798,0.4415584365584416,1,0.9,1.7777777777777786,1.1367521367521367,0.9123666992116254
0.4180327868852459,0.4695200109717735,0.30397991630402166,0.19696854924227056,0.13066913240746858,0.3961933008084968,0.4724409399426499,0.15999999508888904,0.4645669241946185,3,1.1875,3.7203947368421044,0.7038491751767479,0.959826201851434
0.47474747474747475,0.4646017699115044,0.32768068491816327,0.23821316113432936,0.17723127932466162,0.4920869967315635,0.4128440317077688,0.25179855615211433,0.4128440317077688,6,1.4285714285714286,1.1999999999999993,0.904,0.8793295062904682
0.35658914728682173,0.3346454076907877,0.21409176641180466,0.13506257337861002,0.08638864287557338,0.24322056147644977,0.2730923646715377,0.046979861017071786,0.2650602361574814,3,0.8421052631578947,1.7269736842105257,0.8649691358024691,0.9283657329922854
0.589041095890411,0.7129621775356789,0.559702192950343,0.4692990672708364,0.3922231641456836,0.6613420467203035,0.6666666616688368,0.38565021922339077,0.6041666616688368,2,0.6666666666666666,9.25,1.3854166666666667,0.9920012202996479
0.6793478260869565,0.6508264462809917,0.513909997419158,0.42652062772446026,0.35584864714267156,0.6958740066848176,0.5970149203758849,0.40116278569771674,0.5586353894590406,31,3.3846153846153846,22.846153846153847,0.325,0.9839070080839352
0.6086956521739131,0.47345132743362833,0.3111181344901851,0.22142088328599577,0.15680614974728632,0.45577198576511363,0.6368715033837895,0.40833332833645836,0.6368715033837895,1,1.0714285714285714,2.6380952380952376,1.2122605363984673,0.8066472513556705
0.6455696202531646,0.6024096385542169,0.5091352403376069,0.4299085881676781,0.3591077245702218,0.6493614831466761,0.6336633613385945,0.4184100368480944,0.6336633613385945,2,0.8461538461538461,3.62937062937063,1.3166564978645516,0.9736478888797074
0.3888888888888889,0.4236453201970443,0.26307676444830025,0.1634291631537815,0.10551588764860209,0.5067013953297527,0.3776223726773925,0.13829786736079694,0.3776223726773925,1,0.9230769230769231,6.7628205128205146,1.6660353535353538,0.8202705481712408
0.5245901639344263,0.6398311541375349,0.5187247432735178,0.43032513294865365,0.35919875798111606,0.5325618841002268,0.6748466207685649,0.43902438524687687,0.6503067434679514,2,1.2,3.5500000000000007,0.7517482517482517,0.9678662526568843
0.49206349206349204,0.48598130841121495,0.33855314666364067,0.20019056652724068,0.12184636889193186,0.4737127371273712,0.4927536181884058,0.21556885727706276,0.4492753573188406,2,1.1818181818181819,1.0419580419580434,0.8876319758672698,0.9627182150801765
0.5875,0.5721153846153846,0.44609041182073694,0.36787732955459546,0.30556183264293735,0.5612381711218395,0.5767441810518118,0.35690235190694836,0.5674418554704166,2,0.8,8.100000000000001,1.452513966480447,0.9065827099765235
0.31958762886597936,0.2684845129548012,0.1440885201559067,0.0908462645408037,0.051357169088870454,0.1992462288631164,0.3222748767646729,0.10566037258981865,0.274881511835763,8,0.2,43.6,3.306878306878307,0.9330191073075198
0.5806451612903226,0.7213114754098361,0.5980594550489713,0.511517916710016,0.42992601089755955,0.7050060598590826,0.6184210476324448,0.43478260369565225,0.6052631528956025,1,0.9285714285714286,0.8131868131868139,1.094871794871795,0.9951827377581999
0.7058823529411765,0.7213114754098361,0.5880073197228841,0.4819382308249491,0.38140569412709374,0.6884557781825542,0.6666666616683197,0.4540540490612126,0.6666666616683197,4,1.4,3.4857142857142858,0.7142857142857143,0.9853615357618623
0.44871794871794873,0.6722638927745562,0.5532831773947167,0.4635484956479153,0.3975682077636679,0.6490406853813504,0.6299999950125,0.4094488139087979,0.6299999950125,1,0.8888888888888888,1.3333333333333321,1.0754716981132075,0.9872393332113022
0.3855421686746988,0.4658385093167702,0.2751340723428764,0.1957709971309528,0.13336932713808283,0.355930861767985,0.48554912795215344,0.2037036987041325,0.47398843431053495,7,1.5384615384615385,2.411538461538461,0.7694852941176471,0.9286612819675126
0.7662337662337663,0.4811977914097031,0.4213728806811866,0.3783375804269526,0.3388101831052028,0.5608490047584993,0.6666666617166667,0.45161289838730917,0.6666666617166667,1,1.0833333333333333,5.852564102564104,0.6119847003824903,0.7483500554878431
0.43103448275862066,0.47391307858640935,0.3469402904411623,0.26323141221077584,0.19227988342248842,0.36142179882160974,0.5058365709088707,0.2588996714135798,0.4824902674069252,6,1.5,6.972222222222223,0.6214177978883861,0.9212891038369674
0.75,0.7856325629730329,0.7132202208892867,0.6483601434797315,0.5907792464412948,0.7561501672992114,0.7765957396949977,0.6301369813098143,0.7765957396949977,0,1.0,0.14285714285714235,0.9857142857142858,0.9863673731821208
0.5287356321839081,0.5160444605349782,0.3708891830173546,0.2746343702480275,0.20874693107447273,0.42173525386451993,0.4748858397497967,0.23021582234744586,0.4474885794758242,4,0.75,1.041666666666666,1.0793650793650793,0.9870857311642159
0.5483870967741935,0.5394736842105263,0.4141114867492216,0.31734914287940713,0.2320663687617436,0.5560609805419495,0.47887323445248964,0.2168674649056468,0.464788727410236,5,0.5454545454545454,14.424242424242424,2.3222222222222224,0.9884549146385259
0.32666666666666666,0.4383561643835616,0.29558409490762416,0.19383328100284547,0.11768497686004697,0.4428152929935837,0.3043478210873346,0.1176470538235895,0.3043478210873346,6,1.8571428571428572,10.53846153846154,0.6806526806526806,0.9540874324114998
0.4090909090909091,0.40559440559440557,0.22318118039728058,0.12710965215165984,0.06724826378158442,0.40575920182873987,0.3758865198229466,0.0938416372339422,0.34751772549670545,2,1.1428571428571428,2.946428571428571,1.1973684210526316,0.9347343283399787
0.39,0.485,0.3792017534891502,0.3004240765013271,0.22976441260457958,0.48203339138144113,0.4788732345169609,0.2595419797983801,0.4507042204324539,11,2.1,5.276190476190477,0.6435006435006435,0.9681394230145811
0.6951219512195121,0.6073298429319371,0.48305539910052275,0.4040979886520593,0.34398567492384696,0.661890223243216,0.6458333283468968,0.4017467198932133,0.63541666168023,7,1.5833333333333333,2.114035087719298,0.8262436914203317,0.9188492260355916
0.4868421052631579,0.5401726032073452,0.425576737091276,0.34635613459630876,0.2808600167392818,0.4406348303061919,0.48241205536829884,0.27678570933394453,0.47236180411201734,2,1.1333333333333333,2.2980392156862752,0.781831720029784,0.9834125356953851
0.40217391304347827,0.5785123966942148,0.42992547142148924,0.33680567058089433,0.25653351956507225,0.5240560102328388,0.49746192394444594,0.20817843367338773,0.47715735541652715,1,1.0666666666666667,0.05833333333333357,1.0038716814159292,0.8694733488581718
0.6056338028169014,0.7231638418079096,0.601316822402263,0.5075687960315673,0.42424422982372517,0.7122411317857545,0.6399999950014694,0.4363636313640496,0.6399999950014694,3,1.2727272727272727,1.9935064935064943,0.8637976929902396,0.9840694749021409
0.5116279069767442,0.4797687861271676,0.3697003069759186,0.2951491371439125,0.2293995023081857,0.6997519507833425,0.5698323973321682,0.3441860416155761,0.5363128442595425,18,4.0,11.291666666666668,0.3896396396396396,0.9254973010894657
0.2971014492753623,0.44360902255639095,0.2804956802556447,0.18133877160980094,0.11079906105656014,0.3404192524874949,0.36760124110713216,0.14742014242887086,0.35514018191710106,6,0.6,12.288888888888891,1.711711711711712,0.9589069993143099
0.5588235294117647,0.5490196078431373,0.41604077399387507,0.3285061741354864,0.2555236433165224,0.6948123594972585,0.6436781559301097,0.36771299948923164,0.6206896501829833,4,1.4444444444444444,0.9743589743589762,0.9415384615384614,0.8565772315635178
0.375,0.28269302672226704,0.16111320929495426,0.09515026488060939,0.05378452483959976,0.2412106605433592,0.26470587737024226,0.038461533464826426,0.24999999501730105,6,0.4,14.1,2.4242424242424243,0.9085632888342364
0.4666666666666667,0.45609890579768747,0.3381130005706465,0.2650870063267716,0.20334892745424737,0.386691484702796,0.4591439639867371,0.2545454496602388,0.4591439639867371,1,0.9333333333333333,2.9952380952380953,0.8012010113780025,0.9771141168115187
0.34615384615384615,0.367601246105919,0.20893216117935956,0.1237524702126566,0.07272379546584337,0.30414094650205764,0.31683167823503144,0.11023621549066231,0.31683167823503144,15,2.6666666666666665,15.847222222222221,0.45769961977186313,0.8960231072143432
0.325,0.4132231404958678,0.2489647988659846,0.14904261441394467,0.0944125781885651,0.30825009780429363,0.37869821985644764,0.08290154941501815,0.36686390032982047,1,0.9,1.344444444444445,1.1111111111111112,0.9324343062981877
0.43478260869565216,0.4660633484162896,0.33508043448255104,0.26533484230123033,0.20859233849145503,0.5198613709090478,0.43609022056843233,0.24675324175662014,0.42105262658347,1,0.9333333333333333,2.9190476190476193,1.2268689859363435,0.9552644824601371
0.3333333333333333,0.43119266055045874,0.32452170412440506,0.2480282504116073,0.18961274918733415,0.5185825173685692,0.4845360775082368,0.2540983557125101,0.4845360775082368,8,1.6666666666666667,0.9333333333333336,0.9211267605633803,0.9563334774142737
0.5454545454545454,0.5147679324894515,0.3706978059471738,0.29195740068634524,0.22933798007727915,0.6155362524654834,0.4857142807160998,0.33454544954604964,0.4857142807160998,11,2.0,5.772727272727273,0.6510989010989011,0.894360893415755
0.4897959183673469,0.46596858638743455,0.32849431462713824,0.23935702396448383,0.17015169739984304,0.5058491316013205,0.5408163215493544,0.292682921841166,0.5408163215493544,11,2.2222222222222223,8.338888888888889,0.5338509316770187,0.9636618637645952
0.7868852459016393,0.817496256343595,0.7396053215235568,0.6866361089775872,0.646251733085252,0.8196127549275711,0.7812499950005426,0.6425339316516862,0.7812499950005426,0,1.0,0.09999999999999964,0.9927007299270073,0.9936157302780048
0.20454545454545456,0.3181818181818182,0.1595448070434931,0.09801921609440731,0.06711897400006318,0.2584442498315805,0.3050847408471385,0.08372092532352651,0.3050847408471385,7,1.7777777777777777,3.1111111111111107,0.7795275590551182,0.955538360033193
0.8026315789473685,0.694300518134715,0.6013442052561612,0.5274104617969366,0.46360774210641603,0.8164060013177713,0.7525773145897546,0.5770750938143074,0.7525773145897546,6,1.5454545454545454,3.283422459893048,0.7756667884545123,0.9490946166866914
0.24074074074074073,0.16842644845991261,0.09837546767338905,0.05633540795316502,0.03144159560633168,0.1511706479655198,0.23611110647786465,0.07865168092412599,0.2222222175889758,4,0.7647058823529411,4.570135746606336,0.7254688774123402,0.8930826304236809
0.7313432835820896,0.7740713949801193,0.6891198918417594,0.629750706965979,0.5734116614405195,0.7874013906778136,0.7243243193244704,0.5837320524191297,0.6918918868920381,0,1.0,0.3333333333333339,0.9699248120300752,0.9976357780907769
0.5714285714285714,0.6554819097734673,0.5374057526592521,0.446618108233417,0.3769946002421143,0.6444727346714776,0.6068965467243759,0.3820224669157935,0.6068965467243759,2,0.8,2.4499999999999993,1.19140625,0.9847402811599045
0.3548387096774194,0.39111111111111113,0.2575833968818766,0.17470821676166973,0.11966505132275608,0.4411279978038981,0.3796296246450617,0.16356876824587846,0.3796296246450617,5,1.4545454545454546,0.48295454545454497,0.966796875,0.9089080772681796
0.2894736842105263,0.2906503415765878,0.18373221154151337,0.12979840507724205,0.08976049608318026,0.23276857668024484,0.3647058773972319,0.13402061366085682,0.3529411715148789,5,0.5833333333333334,2.3928571428571423,1.1876750700280112,0.973627935026901
0.6030534351145038,0.5728777950533596,0.44705322129202013,0.3561837223979516,0.2829953579836829,0.5254298702998944,0.5541401224015174,0.3171355448815745,0.5414012688983326,4,1.2666666666666666,5.196491228070176,0.7102328311485032,0.9920158309710113
0.27586206896551724,0.40822122983197867,0.22633969536975823,0.1356112933211912,0.07989710374004276,0.29256047805257396,0.34554973322661114,0.12345678514792821,0.3036649164726845,3,0.7272727272727273,4.625,1.2890625,0.9493656002534177
0.30327868852459017,0.32005752625782374,0.18691519231533,0.11568411325844018,0.07452566818906536,0.25657974714320453,0.344186041644132,0.0919540181118894,0.3069767393185506,13,0.23529411764705882,25.25,3.2954545454545454,0.9410996071218136
0.2777777777777778,0.3953898662969361,0.25715878959663024,0.18293872985781223,0.13110833965445662,0.2902789626992569,0.3234042503453147,0.1401273836007548,0.3234042503453147,4,0.6923076923076923,5.615384615384617,1.3054393305439331,0.9515681177805054
0.6538461538461539,0.5202020202020202,0.43905035657411234,0.377247173028234,0.31953586848346105,0.6755888752381398,0.590673570129668,0.37656903266119296,0.590673570129668,2,1.2857142857142858,1.2857142857142847,1.0620689655172413,0.9134875430748775
0.35714285714285715,0.36082474226804123,0.2407411592414098,0.16464785440887203,0.09026177035688214,0.42065744977831854,0.3586956471886815,0.1559632977590272,0.3586956471886815,2,0.8181818181818182,9.010101010101012,1.7181964573268924,0.9051644754704633
0.58,0.6589147286821705,0.540630411202149,0.4595056896736923,0.39116488389097037,0.6113769271664009,0.5666666616775556,0.3765903257914264,0.5533333283442222,1,1.0666666666666667,0.5416666666666679,0.9674999999999999,0.9825862601516174
0.6544117647058824,0.722007722007722,0.5938084054439312,0.5032830611226008,0.4235710116477247,0.7318834854658156,0.7515923516887095,0.4812834174621808,0.7388534981855248,12,1.6666666666666667,4.755555555555556,0.6448132780082987,0.9745744473435134
0.1346153846153846,0.1558795303104677,0.030706663157857056,0.00869202510547044,0.004338948430956368,0.10122586059325432,0.15028901248153978,0.009132415266573303,0.13872831883992132,9,0.1,97.3,7.197452229299364,0.9144528720475269
0.4868421052631579,0.40119872715158555,0.26833846582937065,0.19833778086836973,0.1551427547245369,0.3489590878248368,0.4277456597480705,0.18502202143647278,0.41618496610645206,9,0.3076923076923077,26.423076923076923,3.187898089171975,0.9479608435672868
0.44954128440366975,0.4403292181069959,0.28294850739602,0.16993526634631215,0.09383041546857533,0.4605913148218341,0.43697478494456615,0.1868512060827817,0.42857142360002826,9,1.6,1.0083333333333329,0.909431137724551,0.8764038014310465
0.25316455696202533,0.21309924723677195,0.12257472916439521,0.06396807901476213,0.034068273990085204,0.17213451917493425,0.3255813907859737,0.11031174594114657,0.2458471715168707,19,0.05,174.15,11.987381703470032,0.8979319206662224
0.40540540540540543,0.4864006938306007,0.359782544066034,0.28315873760705734,0.21995234046430548,0.43737078210862945,0.47619047119118485,0.26130652766647317,0.46428570928642293,1,1.1,2.663636363636364,0.8137317228226318,0.9466423278139247
0.34615384615384615,0.2932330827067669,0.15953187298805802,0.09764501096756806,0.06372897620044417,0.3648900184425565,0.33018867427376297,0.10989010493901726,0.31132074974546103,1,0.9230769230769231,10.705128205128206,1.9340044742729308,0.8396877022799046
0.5483870967741935,0.7300613496932515,0.6078957364449451,0.5140506386869315,0.43236188841043033,0.7238875012432514,0.7123287621467443,0.4830917824490654,0.6986301320097581,6,1.5454545454545454,4.775401069518717,0.6675353685778108,0.9811342393447016
0.4,0.4732537483447173,0.36528205860069285,0.2969052285978666,0.24344801394114346,0.3675277920741121,0.4666666617977324,0.26666666183813453,0.4666666617977324,1,0.9230769230769231,2.6410256410256423,0.8274706867671691,0.9824162749965717
0.3870967741935484,0.34951456310679613,0.14338647140770536,0.028305403074109937,0.01194465870687179,0.35743273347151466,0.32758620195005944,0.12121211626836567,0.3103448226397147,2,0.8181818181818182,5.262626262626263,1.8513071895424837,0.9382910914789239
0.5904761904761905,0.6910569105691057,0.5390046071084686,0.4231571172689705,0.3233856624618432,0.6366884338442694,0.6315789423865114,0.3535911552429719,0.6315789423865114,1,1.0909090909090908,1.59090909090909,0.9279835390946503,0.96905624263068
0.5048543689320388,0.37593984962406013,0.2965733271934789,0.232304545882652,0.17797435238238488,0.5714658774373259,0.4734299469485869,0.23931623456315299,0.4734299469485869,18,2.2,0.6060606060606055,0.9300699300699301,0.8633613901324468
0.32857142857142857,0.45023696682464454,0.29648508867837026,0.20663957935902583,0.13812336461575458,0.37962645914396886,0.36226414598106094,0.13968253470919645,0.36226414598106094,6,1.4615384615384615,4.663967611336034,0.7042362002567394,0.926868870042888
0.5420560747663551,0.43103448275862066,0.3174292167678637,0.2495196824813795,0.1966682744937471,0.49836749999999996,0.5213270092774197,0.24066389548733672,0.49289099032007366,16,2.7777777777777777,7.60888888888889,0.5494736842105262,0.9403549516914237
0.2571428571428571,0.25500226687680105,0.12260262229370107,0.06979209036716147,0.04062291528542755,0.20446137165742861,0.30493273059502507,0.07719297771622068,0.2511210714022,4,0.6363636363636364,0.45454545454545325,1.0232558139534884,0.9719342945858281
0.3917525773195876,0.4098360655737705,0.26843823954967944,0.18852239858649292,0.1254552749771664,0.319589203983074,0.3535353485373942,0.15966386056881593,0.3535353485373942,3,1.25,1.5500000000000007,0.8872727272727272,0.8636046131666143
0.5277777777777778,0.5828517969957432,0.4062101951585516,0.2956773399047897,0.21688008934881461,0.47523454787445335,0.6458333284608894,0.2926829220153294,0.6041666617942227,2,1.2,6.850000000000001,0.8225388601036269,0.9089063374053747
0.6440677966101694,0.6420608741544303,0.5235547092967667,0.4362669030923167,0.3615342803087296,0.6394853521879995,0.7581699296424452,0.5222222172376544,0.7320261387927721,1,1.25,10.95,0.6755555555555556,0.9414537153943962
0.23655913978494625,0.31239276180391856,0.16770538767545023,0.07314922073165143,0.0393112287336295,0.2385247457627119,0.33526011064452543,0.08571428076916128,0.31213872336128845,7,0.4166666666666667,10.616666666666665,1.8437086092715231,0.9579243085062973
0.4946236559139785,0.5384615384615384,0.37977726265637496,0.28929619408999974,0.22106068504640422,0.5358812573753011,0.5829145678674782,0.3231440998081654,0.5427135628423525,6,1.5,2.1111111111111107,0.8164251207729469,0.9655601883680544
0.6470588235294118,0.7050485092200866,0.6120215512051712,0.5274591664775178,0.4418234821797952,0.6643691420610284,0.6542056024836232,0.48745519215118,0.6448598080910998,2,0.8333333333333334,1.6499999999999986,1.0835443037974684,0.9836959203332878
0.6282051282051282,0.7559055118110236,0.6196386091902684,0.5087487463483616,0.3975130985058666,0.698538588258786,0.7529411714705883,0.475728150341691,0.7294117597058823,1,0.9285714285714286,0.8406593406593412,1.0941538461538463,0.9933444926647843
0.1623931623931624,0.16579138678111602,0.062913407839951,0.012111938505251064,0.005033632621662473,0.12521124637204453,0.26168223835793525,0.042704621770748075,0.21495326639531848,10,0.09090909090909091,106.54545454545455,6.476635514018692,0.9309924884761384
0.47368421052631576,0.517370230481669,0.376930114415387,0.2972734672761496,0.2338327421685945,0.4692039728627959,0.4755244705657979,0.2804877999144855,0.4755244705657979,3,0.7272727272727273,2.1022727272727266,1.204646017699115,0.9676695273992613
0.4492753623188406,0.453551912568306,0.33857643137097054,0.2579174417388997,0.20144294169378787,0.6405992348630274,0.5031446491594479,0.26666666174884956,0.5031446491594479,1,1.0909090909090908,5.25,1.525,0.9026053353360282
0.39166666666666666,0.3473684210526316,0.20090602784317166,0.12545475911834547,0.07161243376135148,0.34555648410982726,0.404761899782061,0.17647058324896422,0.38888888390904514,6,1.375,1.017045454545455,1.085197524988101,0.7826718371780246
0.4020618556701031,0.44366197183098594,0.312318272002569,0.23575013731718372,0.16880750120277183,0.4314073398614685,0.39790575416244073,0.21395348337306663,0.39790575416244073,3,1.2727272727272727,1.4025974025974026,0.8785151856017998,0.9541147929521194
0.36024844720496896,0.2965624138891511,0.1845558637580644,0.12382408646166176,0.07934133416651401,0.2492644811248663,0.39365078883829685,0.14492753144764187,0.3619047570922651,12,0.2,49.33333333333333,3.4666666666666663,0.9382461497338827
0.4322033898305085,0.35455001383948986,0.15002100963345755,0.06211840982118996,0.018173320240543942,0.24915927257865822,0.2764976909418336,0.04332129470995377,0.26728110108008246,9,0.25,45.25,3.6487804878048786,0.9282339212915628
0.37362637362637363,0.3905109489051095,0.22375322627816077,0.13647129414590276,0.07709051380324512,0.31483409830838677,0.35242290252401565,0.09646301754572457,0.35242290252401565,6,1.4285714285714286,2.085714285714287,0.8678733031674207,0.8452050913284411
0.5849056603773585,0.6543778801843319,0.5720043182460828,0.5111676252751571,0.451583885913284,0.6763421411826634,0.6183206056943069,0.47058823029454894,0.6106870179080474,5,1.4166666666666667,3.901960784313726,0.7658823529411765,0.9690937912548993
0.7777777777777778,0.7350427350427351,0.6501756992504579,0.5883677164979814,0.5241654121279908,0.7715537222230378,0.7428571378612244,0.5960264850681988,0.7428571378612244,7,1.35,1.8833333333333346,0.8214849921011057,0.9880133763438684
0.525,0.5146198830409356,0.4005500174478441,0.31239221663522765,0.23696703286289167,0.4982043296806274,0.48453607747900945,0.29268292183224276,0.4639175207779786,2,0.8181818181818182,5.363636363636363,1.3933333333333333,0.9228091948972561
0.589041095890411,0.5721925133689839,0.49297870439812336,0.4251465087076471,0.3594027284622514,0.6616666261893329,0.619999995002,0.44961239810828674,0.6099999950020001,4,1.4,1.942857142857143,0.873015873015873,0.9632281170759367
0.49390243902439024,0.689795918367347,0.5626967519547466,0.47024291194303286,0.39675138166253787,0.6515268498094664,0.6024096335549428,0.4182692257692308,0.5963855371694006,3,0.8333333333333334,2.8888888888888875,1.2148760330578512,0.997488681648223
0.5824175824175825,0.6386826135933366,0.507812971880843,0.40346068572457217,0.3107957480974007,0.6217836100393734,0.5829145678705082,0.3489361652200997,0.5628140653579456,4,1.4,4.699999999999999,0.6802721088435374,0.9925595699176557
0.24390243902439024,0.28662420382165604,0.17118245523000267,0.11941537140986701,0.0824467873569397,0.29431428571428575,0.20846905038992466,0.06611569748575195,0.20846905038992466,10,1.7692307692307692,2.8093645484949814,0.8293376676147909,0.8454275266928534
0.43956043956043955,0.4397905759162304,0.32273971846504523,0.2524482412474377,0.19036661959135776,0.4145877545289748,0.42342341842504666,0.2464788682396847,0.42342341842504666,9,1.9,7.447368421052632,0.5744360902255639,0.9506688976267887
0.32926829268292684,0.43870967741935485,0.2923404251426778,0.20637096753852438,0.14015481006240935,0.4396527746415163,0.4624277406849544,0.21538461041420132,0.4508670470433359,4,0.6,14.533333333333331,2.286135693215339,0.9701469233764112
0.5172413793103449,0.5764705882352941,0.3972947737573475,0.2949307248496594,0.21433534185037229,0.4303688812588395,0.4731182746675917,0.24193547888267442,0.4731182746675917,1,0.9,1.7444444444444445,1.2265512265512266,0.944389550572165
0.24,0.24961749744669706,0.1446379488742662,0.08835923426430731,0.054367400297782635,0.20937918577626874,0.27848100779362284,0.07746478398631254,0.27848100779362284,2,0.8,3.4250000000000007,0.8353365384615384,0.9688273702951098
0.6842105263157895,0.5549738219895288,0.4467186094662712,0.371828498096593,0.30056620260615646,0.4954380894695952,0.4342857092858777,0.25830257805585444,0.4342857092858777,5,0.6153846153846154,24.365384615384617,2.0419407894736845,0.92965747019707
0.6551724137931034,0.5771144278606966,0.44943303144210905,0.34449958036934136,0.248260416332556,0.535478393333118,0.5604395554419758,0.28571428071503546,0.5604395554419758,7,1.5833333333333333,4.421052631578947,0.7052631578947369,0.9781461773220825
0.4807692307692308,0.4864864864864865,0.35251321949360115,0.26722491760182043,0.1971609219775785,0.4659855757373808,0.46153845653856396,0.24334600260463515,0.4253393615159395,2,0.8181818181818182,5.737373737373739,1.387184730743013,0.9500435919259125
0.5,0.44761904761904764,0.25408746439059043,0.11025354247580248,0.033295824171686625,0.39194588744588754,0.26666666167800457,0.06611569752066153,0.26666666167800457,0,1.0,1.4000000000000004,1.153846153846154,0.8690162912275445
0.37349397590361444,0.5454545454545454,0.4324499820938683,0.3569070312555067,0.29316665212540105,0.5423725403905285,0.4646464596791144,0.28571428072311283,0.45454544957810433,1,0.9,3.855555555555558,1.245576786978061,0.986251125699248
0.20754716981132076,0.2850467289719626,0.1552045616902468,0.09017705259010411,0.050418854368106364,0.33826622472070966,0.28037382682854406,0.08943088936479636,0.28037382682854406,15,2.875,8.570652173913043,0.520522955305564,0.8629323788759737
0.45,0.45874587458745875,0.3142239565366382,0.22230564071524392,0.15616993649826458,0.44058976543336575,0.4743082953959599,0.19318181318246397,0.466403157056039,2,0.8333333333333334,10.55,1.5341772151898734,0.8712954100493644
0.5185185185185185,0.5460122699386503,0.4022206027979617,0.3183048574375366,0.25868311028431407,0.5300842347040002,0.5185185135253774,0.27312774832036335,0.5185185135253774,1,0.9411764705882353,1.2463235294117645,1.139391447368421,0.9452504175838794
0.505,0.3845736097048076,0.2800705101093052,0.21649366715313248,0.1684221156544223,0.35324328464499677,0.5028571379761634,0.2525879868732775,0.4971428522618776,5,0.6153846153846154,2.10576923076923,1.0662832929782082,0.8913448848542406
0.6031746031746031,0.664,0.5174378566396848,0.41079683009033013,0.31139778416972125,0.6417538614848032,0.5657894686920015,0.31284915701881966,0.5394736792183171,1,0.9,2.8888888888888893,1.2626262626262628,0.9843467609415115
0.4,0.5,0.32852627812475244,0.24079232514443596,0.1698375961327149,0.3949833841787093,0.421455933723815,0.2142857093034298,0.41379309847477286,0,1.0,0.5714285714285712,1.0363636363636364,0.9145454242203488
0.5145631067961165,0.43442286994265794,0.29895821476245127,0.22489049249090304,0.16243136792102797,0.34107090897214354,0.4102564053280007,0.1329113875204296,0.39316238823398353,8,0.38461538461538464,20.923076923076923,2.157446808510638,0.9376907870310421
0.26956521739130435,0.3373493975903614,0.20863593776669584,0.14697889145267334,0.1023197338325585,0.3198376948541639,0.3548387047099376,0.13907284269286455,0.3467741885809053,8,1.7272727272727273,2.167464114832537,0.8580827067669172,0.8818789402141739
0.7123287671232876,0.7605633802816901,0.6650665043431978,0.5776417973359986,0.5031634726521184,0.8344827586206895,0.793296084385631,0.5728155289810539,0.7709497156705473,5,1.5,3.133333333333333,0.7513227513227514,0.977472746883184
0.4021164021164021,0.3634361233480176,0.22659740482310828,0.15826401223831593,0.11059750581395346,0.36927511415925757,0.40198510667142834,0.18702289577974782,0.39702232751510086,15,1.6521739130434783,0.7482837528604112,0.9410598413842827,0.8735164783281876
0.43478260869565216,0.5333333333333333,0.4032389192727559,0.31062802946599316,0.23472929594898803,0.486574324029454,0.52682926331279,0.24896265060863287,0.5073170681908389,2,1.1333333333333333,0.1607843137254914,0.9837042925278218,0.9716500554925286
0.49523809523809526,0.45348837209302323,0.30868348599395845,0.23413657065759524,0.17617636518553526,0.4824106830680623,0.4072398140054463,0.21978021478565402,0.4072398140054463,4,1.3076923076923077,0.5610859728506785,1.0383900928792569,0.878493901851389
0.40350877192982454,0.5046728971962616,0.36749600068206106,0.27956673432100526,0.21127967172780696,0.4360082392295989,0.4940238993831844,0.26366558986156063,0.48605577189314453,1,0.9166666666666666,3.0378787878787854,1.185048454083987,0.9526116944701308
0.43564356435643564,0.33593614354854423,0.21699124486672064,0.14842319625497763,0.09406103194854433,0.27217053029286764,0.370044047996274,0.11888111405936741,0.31718061187292595,13,0.1875,39.416666666666664,3.7660818713450293,0.9539866596359037
0.425,0.4301431992134495,0.300573506690641,0.23180705380804006,0.17931297330291188,0.3946258909776575,0.4457831275417332,0.193548382135106,0.4096385492284802,2,0.8,2.4499999999999993,1.1601307189542482,0.9360064124445427
0.359375,0.3893129770992366,0.26244704188555895,0.1888872818316392,0.1106997260798792,0.35158603986478343,0.37878787379820944,0.13749999500078142,0.37878787379820944,0,1.0,2.8181818181818166,1.3099999999999998,0.8719546746086377
0.4444444444444444,0.26843657817109146,0.1291433786658592,0.06854561235481164,0.043360730284073695,0.25620270567495906,0.2968749951220704,0.017492706411105625,0.2968749951220704,19,2.1176470588235294,3.230392156862745,0.7445736434108527,0.7098909608057408
0.5324675324675324,0.6513853738859745,0.5191712724205391,0.4249314445649336,0.33511472007918763,0.5296998351883654,0.5376344036021506,0.3245613985103109,0.5268817154301075,5,1.5,5.966666666666667,0.659047619047619,0.9866578621062622
0.40625,0.5053119493985495,0.3408759212488795,0.23149731906998244,0.13383523339075673,0.41538690792974986,0.4780487754936348,0.21212120712149918,0.4585365803716836,3,1.1875,1.9078947368421044,0.8376259798432252,0.9105326512384051
0.3614457831325301,0.31736526946107785,0.18028106538172725,0.11889869025333907,0.08325457491530064,0.26365544697792254,0.3137254852004038,0.10699587979813399,0.3137254852004038,2,0.8,5.675000000000001,1.3733552631578947,0.8874337659097831
0.39669421487603307,0.4683446259338939,0.28049724336315457,0.1810595925496602,0.11373344809514808,0.3936508129278694,0.35249041646834317,0.12307691809401204,0.3295019107212167,1,1.0588235294117647,1.2254901960784306,0.9128312412831242,0.9665438850833179
0.5858585858585859,0.5887445887445888,0.4691900265445188,0.39639380776596483,0.3377660235022899,0.6733713052765028,0.556962020317257,0.3701067565734983,0.556962020317257,4,1.3076923076923077,0.3348416289592766,0.9759506012349691,0.9722007999464785
0.5384615384615384,0.6363463377511797,0.5274699296331318,0.4435777480095738,0.36464853679109505,0.5577372410882243,0.6555555505777779,0.43776823538396364,0.6555555505777779,1,0.9,0.8222222222222229,0.9504685408299866,0.9959421517541392
0.5102040816326531,0.6358835805441556,0.5402404464818958,0.4600801735749315,0.3867936477152264,0.5894622102234558,0.6666666616888889,0.45962732423035374,0.6499999950222223,6,0.7,2.4499999999999993,1.2121212121212122,0.9926228026183631
0.696969696969697,0.6887417218543046,0.5709679632090031,0.4911603694210353,0.42335900913137114,0.7172667459273515,0.677083328333876,0.4741379260344828,0.677083328333876,3,1.3,2.384615384615385,0.8296703296703296,0.9669601824798721
0.3711340206185567,0.42127659574468085,0.3473066818537027,0.2954287970001514,0.2438284552479714,0.47479259731971923,0.4315789424620499,0.2901960735151097,0.4315789424620499,7,1.5833333333333333,0.035087719298244835,1.0028449502133712,0.9499340342933729
0.33793103448275863,0.2866588286646668,0.15553310591312555,0.09340229853609269,0.05354142081880651,0.22206326410623234,0.3146067367279665,0.08333332860278513,0.25468164309500774,9,0.47058823529411764,6.330882352941176,1.4139423076923077,0.9707869293584364
0.22058823529411764,0.29378070291063546,0.13554262813325363,0.07751700205760387,0.04320068426481806,0.1975185466902431,0.32558139035634887,0.06578946870585217,0.3100775143873566,3,0.6666666666666666,1.5,1.1097560975609757,0.9277938129098102
0.4880952380952381,0.45161290322580644,0.30151134457776363,0.20588015829865078,0.13461327661926867,0.42117546048013255,0.4387755052061641,0.1921397329959384,0.4285714235735111,2,1.2,0.18333333333333357,0.9860050890585241,0.9156487272049056
0.6764705882352942,0.7114624505928854,0.5964320793656581,0.5049828513667398,0.4287886359465525,0.6251651711965256,0.657342652344858,0.47282608196597353,0.6503496453518509,1,1.0555555555555556,0.5175438596491233,0.9625871908687381,0.9764836417309615
0.5068493150684932,0.575,0.4336476847227583,0.3215908211389459,0.2392215322980283,0.5623090923417542,0.5294117597169552,0.24365481733824637,0.4705882303051903,1,0.9,3.2777777777777786,1.2260536398467434,0.9026077866655103
0.37735849056603776,0.41896024464831805,0.2730182031145713,0.1912301161513148,0.1346226714194939,0.36744181034482765,0.35294117147491355,0.1284403619728981,0.3470588185337371,10,1.5555555555555556,3.4880952380952372,0.7700156985871272,0.9134358277725441
0.5333333333333333,0.46710526315789475,0.3146254834583622,0.21313565480812294,0.1254944653999341,0.612676110590132,0.5156249950439453,0.23684210028479927,0.5156249950439453,1,1.1,3.918181818181818,1.3957759412304866,0.8500682591007334
0.5691056910569106,0.7068495796788113,0.6046870956899845,0.5348417387786293,0.4729247567680395,0.661260893199043,0.6853146803772802,0.5343915294475239,0.6783216733842731,1,0.9473684210526315,1.1257309941520468,0.9116161616161617,0.9942541527297069
0.3227848101265823,0.38305084745762713,0.21354458870222687,0.10004284982955225,0.04228822728747609,0.29914972196370637,0.35172413293317484,0.11518324107329865,0.3448275812090369,4,1.2105263157894737,0.7734553775743702,1.0641731535978736,0.9469467727363194
0.6973684210526315,0.755656108597285,0.6656495051282612,0.6035207322209791,0.5452442580158926,0.8017649851738627,0.7129629579633917,0.5581395298842177,0.6944444394448731,1,1.1,0.19090909090909136,1.0095934216537232,0.9792413597715612
0.31746031746031744,0.41425746247548173,0.2035203103485505,0.11746495336492097,0.06125805692105632,0.27581571815718153,0.32876711830268346,0.05813952991684737,0.31506848816569716,5,0.5,10.500000000000002,1.945945945945946,0.9508422648071919
0.5867768595041323,0.4774193548387097,0.33353162491252114,0.24287190717318644,0.16603680437569196,0.5070666952546914,0.4899328809096438,0.24444443944583344,0.48322147151367056,3,1.15,1.5282608695652176,1.1278879388757503,0.8957262609744644
0.42201834862385323,0.5911148284338458,0.46498140375542135,0.37528050211179076,0.3034900335384824,0.552219696168623,0.5220883484272835,0.31518624146304225,0.5220883484272835,0,1.0,1.4000000000000021,0.9399141630901287,0.9583335181365095
0.4861111111111111,0.3081081081081081,0.19624860130333038,0.1349904554978499,0.089302442629279,0.42510125372811014,0.3863636314566116,0.1256544454110361,0.34090908600206615,2,0.8333333333333334,10.25,2.242424242424242,0.8999695024600216
0.30392156862745096,0.2731743701568236,0.14650376047894062,0.07317012774541572,0.02132814638047432,0.2290505931280951,0.2985074577520359,0.055776887497024294,0.2985074577520359,10,0.4444444444444444,9.041666666666666,1.9194915254237288,0.9370445312817524
0.45132743362831856,0.37668161434977576,0.2256167565986131,0.1469524895812399,0.09082601844228573,0.40116219723183394,0.38818564903416475,0.13284132344330843,0.3459915562071606,3,1.3,1.8538461538461526,1.1211664152840624,0.9327310464234957
0.872093023255814,0.8065798578789712,0.7363429686558018,0.6786251334993024,0.623407780807526,0.813341814159292,0.7762557027710014,0.6215139392295361,0.757990862588353,9,2.0,10.166666666666666,0.494475138121547,0.9910530952823149
0.6056338028169014,0.6422422658532198,0.5108801696002094,0.4239499676339802,0.3518509558981512,0.598038866591721,0.5660377308775365,0.38247011456389585,0.5471698063492347,1,1.1,2.572727272727274,0.8421639709983267,0.980946051807063
0.2046783625730994,0.5138339920948617,0.40388352560154894,0.337035327888575,0.2841557966200503,0.4034411663290923,0.4236111061402874,0.22662889019573235,0.4236111061402874,5,1.263157894736842,2.6162280701754383,0.8011666666666667,0.9600241946024576
0.45806451612903226,0.459375,0.30120252718469204,0.2078240232271404,0.1394344322821773,0.3860722345774018,0.40233235651709753,0.1624129880407622,0.3848396451468351,17,2.0625,7.928030303030303,0.5501826778422523,0.9204774492788412
0.3333333333333333,0.42,0.28395487756479315,0.1940320282161927,0.12940760793112643,0.594299266012819,0.3944954079265214,0.19314641249832604,0.3853210959999159,4,0.7142857142857143,21.07142857142857,2.5128205128205128,0.8073204752153247
0.5833333333333334,0.5986842105263158,0.4877373942728259,0.37774809263820736,0.28581862802319863,0.6173645074628156,0.5485714235911837,0.2912621309298709,0.5485714235911837,2,1.1333333333333333,0.34117647058823586,1.039671682626539,0.9865205569522172
0.3383458646616541,0.33,0.18793010869072674,0.1263879960680961,0.0870654055183381,0.30077433269986603,0.3065134049705671,0.10365853158834053,0.2835248992234407,5,1.5555555555555556,0.2380952380952408,0.9890109890109889,0.8347137766808947
0.41,0.4757581510666205,0.357898005491481,0.2762456179953151,0.21148697007640563,0.39710507921714816,0.4180327819258936,0.23124999506328137,0.40983606061441824,2,1.1538461538461537,3.14871794871795,0.8104938271604938,0.9670488356488128
0.47413793103448276,0.43901030154146486,0.3088476031180491,0.22324734381699823,0.15965990412382264,0.3990114284736988,0.5035971174162829,0.25615763053216534,0.48201438360333326,1,0.9166666666666666,1.9696969696969688,0.9279379157427938,0.9651389573901713
0.49193548387096775,0.35294117647058826,0.23221018200641202,0.15838735396427767,0.09422669499278759,0.3773175155292269,0.45559845060031906,0.19161676146867954,0.44015443515630365,6,1.5454545454545454,1.5454545454545467,0.9166666666666666,0.8317917092432462
0.48936170212765956,0.550021557697077,0.5039688732739238,0.47016817768429664,0.43809927971183427,0.5486636725214646,0.4778761015240035,0.3884892038507324,0.4778761015240035,1,0.8,0.5,0.98,0.989273892481794
0.5957446808510638,0.7586206896551724,0.6507043867051346,0.5773691915489125,0.5056065749919826,0.7590568190256317,0.7068965467256244,0.4580152621781948,0.7068965467256244,1,0.9,1.4666666666666668,1.1788617886178863,0.9969417007456105
0.5445544554455446,0.4866666666666667,0.36975993296564175,0.29332344054895115,0.22445337352292002,0.5034099066762383,0.4776119353029628,0.26219511695419395,0.4701492487357986,0,1.0,6.181818181818183,1.293103448275862,0.904949761132122
0.7121212121212122,0.7043382935470226,0.6293241165312083,0.5582424850483801,0.48640495871919004,0.7011618406631621,0.774999995003125,0.5745856303665946,0.774999995003125,1,1.1,2.618181818181819,0.7954545454545454,0.9942296999872533
0.609375,0.668217992157479,0.533058717230486,0.43821511571701544,0.34374391136953875,0.6682601613709287,0.604316541764919,0.37179486680802104,0.604316541764919,1,1.1111111111111112,1.9111111111111114,0.8422018348623853,0.9835991841087214
0.5785123966942148,0.5189393939393939,0.3742912032465432,0.2901471483000842,0.2261163826214638,0.5806039448307713,0.61599999501568,0.3291925415994754,0.59999999501568,12,1.8,3.7555555555555546,0.7224958949096881,0.9552212478828306
0.6571428571428571,0.7831325301204819,0.7018658160827214,0.638899149226341,0.577022734102617,0.777416946342243,0.7119999950003201,0.5907859028591154,0.7039999950003201,1,0.9444444444444444,0.9248366013071898,1.067396999285544,0.9944062194362278
0.4127906976744186,0.42837094125007974,0.3459525498548256,0.2980841214393888,0.2567271852070438,0.3455266995849722,0.40112993869833063,0.27426159864480415,0.3728813511277092,7,1.368421052631579,9.692307692307692,0.5384615384615385,0.9502518179232408
0.3804347826086957,0.4375,0.3026929742316704,0.20879148504189576,0.1384484003129238,0.329337762945403,0.3829787184304211,0.17763157398978546,0.37446808013254873,1,0.9090909090909091,2.018181818181816,1.1174603174603173,0.9236218087439546
0.40963855421686746,0.28665769856689244,0.1455887397632183,0.08505209536545287,0.05294432432529438,0.20656864540646963,0.3118279521563187,0.06334841137568885,0.2795698876401897,8,0.1111111111111111,104.66666666666667,7.408163265306123,0.9401185779270336
0.45714285714285713,0.368,0.21056435927666003,0.13516562635628962,0.08281969221962432,0.40875715042372884,0.3319148886192848,0.12244897459206833,0.32340425032141246,1,1.0625,3.3308823529411757,1.2928248222365868,0.855887408370797
0.6222222222222222,0.7522091037358559,0.6240665702198079,0.5336029048846463,0.45311174531188586,0.6738625934810071,0.704156474220025,0.4554079646435194,0.684596572019536,0,1.0,0.07142857142857295,0.9970501474926253,0.9980086977861444
0.42718446601941745,0.3333333333333333,0.21189138534559035,0.1364575098670865,0.08375986416641244,0.4246841685908852,0.40740740243484225,0.18181817685290422,0.398148143175583,7,1.5384615384615385,1.3000000000000007,1.1181818181818182,0.9049373327186632
0.5285714285714286,0.6049425130821322,0.48437811589278673,0.3948933325229677,0.3195016083931224,0.5351986458229613,0.585152833428043,0.3652694560866292,0.5676855845197459,1,0.9230769230769231,0.9935897435897445,1.055436337625179,0.942407149610882
0.38392857142857145,0.4794520547945205,0.3809924005143898,0.310039940453788,0.25347627872797523,0.4332778702163061,0.4054054004459865,0.20588234796307323,0.4054054004459865,14,2.272727272727273,7.24,0.5475,0.947440672703647
0.7916666666666666,0.733735512359335,0.6562552520728376,0.5950476928773728,0.5332878300328906,0.7436419716782006,0.7021276545795611,0.5855855805872089,0.7021276545795611,2,0.8,3.2249999999999996,1.2320143884892085,0.9886087147832633
0.42142857142857143,0.40463917525773196,0.22402634818951442,0.13031163368457005,0.07545801031774588,0.26169481820784435,0.3255813903868645,0.10810810319388338,0.31976743689849246,5,1.2777777777777777,2.297101449275363,0.8801512287334593,0.7358550673664176
0.43661971830985913,0.3517935627658478,0.2713582868386953,0.21557181852478063,0.1695148608118634,0.40493888220316887,0.45751633510188394,0.2590673528620903,0.4313725442522107,6,0.45454545454545453,4.272727272727273,1.2716763005780347,0.9776183204705464
0.6440677966101694,0.7258709188408585,0.6051894777414661,0.5009566715263429,0.41170972824854934,0.6809776761699838,0.6928104525182622,0.430232553156436,0.6797385570934257,0,1.0,0.40000000000000036,0.9622641509433962,0.9755923137178861
0.5555555555555556,0.593333789070598,0.4587682132745168,0.3720060427941891,0.301128329795744,0.5439165238099591,0.5345622069944149,0.30952380453924166,0.5345622069944149,3,0.7,4.757142857142856,1.29547471162378,0.9916076860007319
0.4794520547945205,0.5222966942602831,0.34936429122044527,0.2592912228252513,0.19455702399471864,0.49046523329723907,0.4216867419995646,0.18627450482747035,0.39759035645739593,0,1.0,0.4166666666666661,0.967741935483871,0.9706552478906013
0.5,0.48788954438211873,0.3566519289056293,0.27290066538824054,0.20075057394828139,0.4375825545171339,0.514767927528708,0.2666666617555556,0.514767927528708,7,1.7,9.441176470588236,0.5158371040723981,0.9547330458184348
0.6153846153846154,0.46473029045643155,0.357492419325947,0.2811671651828494,0.21986091892586238,0.5648877012334288,0.5333333283374151,0.2909090859091571,0.5333333283374151,7,1.5384615384615385,1.7192307692307693,0.8751396648044693,0.8937297302260742
0.3119266055045872,0.15973964196847643,0.08751686804775068,0.052055347801774295,0.030966279959895777,0.14384509493134018,0.2535211221441954,0.0774647843277626,0.2159624366981861,14,0.06666666666666667,115.2,8.291139240506329,0.9437017865982984
0.5833333333333334,0.7591240875912408,0.6069583628818536,0.46500171583912747,0.3435451593164373,0.7036915746562277,0.7303370736516854,0.3813953438373175,0.7303370736516854,0,1.0,0.1875,1.0223880597014925,0.9872858377133079
0.3013698630136986,0.27878787878787886,0.05830825139154823,0.013346269864232976,0.005990172845016146,0.1835205992509363,0.201257856635418,0.03045684779819196,0.18867924028321678,1,1.1428571428571428,2.053571428571427,1.110576923076923,0.9501680185979774
0.25688073394495414,0.3466493227219893,0.2171065056851411,0.14373171926606085,0.10411380804899709,0.26779344496202107,0.30622009080378204,0.0971659869920834,0.30622009080378204,5,1.4545454545454546,5.329545454545455,0.6551470588235294,0.8880670264559206
0.32673267326732675,0.41350210970464135,0.27448403613006794,0.19200001068338568,0.11462523839947339,0.3386309952781847,0.36697247209115397,0.17361110618923623,0.36697247209115397,1,1.0526315789473684,0.7447368421052634,1.0670616113744076,0.805791247383188
0.7272727272727273,0.7888394630314816,0.6834720469155123,0.6046905580319606,0.5318396415896476,0.7588237371329696,0.7393364878964982,0.5121951169594819,0.7203791419249345,1,1.0714285714285714,0.9904761904761905,0.922962962962963,0.9920331258167194
0.38,0.30278884462151395,0.187412662261907,0.12499792841601415,0.08481976328697939,0.45273191801641216,0.36279069305094647,0.11814345533942228,0.33488371630676045,6,1.4615384615384615,4.902834008097166,1.5901559454191032,0.8983138390678913
0.6075949367088608,0.7402597402597403,0.5983595263217635,0.4904010380449655,0.39852307807380616,0.7672311773107529,0.7336683367147294,0.4977777727826173,0.6834170804333225,4,0.7894736842105263,2.6877192982456153,1.3546296296296299,0.9844827574977392
0.8205128205128205,0.7916680432996558,0.6988624238197687,0.6284826981038389,0.5684505360924179,0.7750109863592962,0.7896995658199636,0.6013985964047143,0.7896995658199636,1,1.1,2.627272727272725,0.8532249873031997,0.9936969221235213
0.5428571428571428,0.5774647887323944,0.4175272360276318,0.32187710384481266,0.2382527615599307,0.6248312751297659,0.5726872196774632,0.326086951531191,0.5374449289285645,8,1.5333333333333334,1.8057971014492757,0.8368255631220534,0.9477119857354761
0.6144578313253012,0.7188940092165899,0.5939617652652653,0.4986804913126507,0.410408755579522,0.6668104218395171,0.6226415044410823,0.39560439062378405,0.6226415044410823,1,0.9285714285714286,1.2637362637362646,1.081908831908832,0.9672178145530907
0.41843971631205673,0.3739612188365651,0.2232968782694361,0.14335778448624678,0.078921795489357,0.3718217391731607,0.30128204630691163,0.07614212701267781,0.28846153348639886,3,0.8571428571428571,5.960317460317462,1.4228603603603605,0.8964262103743142
0.7752808988764045,0.7649769585253456,0.6600089993024839,0.572376603854086,0.4937811321085543,0.8159495093008902,0.7470817070683887,0.5316455646210544,0.715953302399128,2,1.1666666666666667,0.5833333333333321,0.9637305699481866,0.9795314062603254
0.45038167938931295,0.3870967741935484,0.21721748928310855,0.13344478505305657,0.06876219029076135,0.38803580511638325,0.37956203880867395,0.10764872023369121,0.3722627687356812,0,1.0,11.066666666666666,1.70042194092827,0.8544563439858577
0.44545454545454544,0.4995827550761814,0.3502587890541994,0.2704171768897595,0.21380775725556908,0.3944780434111438,0.35922329600904895,0.17283950119189165,0.3495145581449713,4,1.4444444444444444,6.555555555555557,0.6647727272727272,0.9211209735978184
0.4158415841584158,0.3252032520325203,0.2332847374079217,0.1703329624611583,0.11476503385131437,0.41489068334791546,0.3232323184573003,0.17599999514112016,0.3232323184573003,12,2.090909090909091,0.9407114624505937,0.9191576086956521,0.823542973913297
0.15934065934065933,0.28102189781021897,0.1786362546432142,0.12053535532110186,0.08070617643099885,0.26171151957558225,0.18939393442263558,0.07619047122721122,0.18939393442263558,22,3.0,9.06060606060606,0.4781849912739965,0.8976350595495814
0.49230769230769234,0.5273972602739726,0.3075187548765933,0.2022392517517832,0.1348479335242694,0.4700297840655249,0.40559440060051843,0.1899441290970945,0.40559440060051843,4,0.6923076923076923,5.9914529914529915,1.5856307435254804,0.8877433578322571
0.6979166666666666,0.6510638297872341,0.5195049891148505,0.43019607921845293,0.3522021830059492,0.6707073838124605,0.5896414292915987,0.3908794738426933,0.5737051743115189,0,1.0,3.18181818181818,1.1749999999999998,0.9633492452299939
0.38636363636363635,0.4783739664374836,0.35759390878845876,0.2773313906646315,0.21483563984990103,0.411348704074296,0.4183673419471054,0.24799999501568012,0.4183673419471054,2,1.2,5.9833333333333325,0.7066993464052288,0.9870937103183793
0.4805194805194805,0.5735294117647058,0.3910769444375214,0.2668751101326841,0.18205159540949098,0.4321776263930343,0.455089815360895,0.17346938275718468,0.4431137674567034,5,1.4545454545454546,3.6818181818181817,0.6977611940298507,0.9811035787763495
0.5730337078651685,0.6105610561056105,0.4779696273841762,0.3704577308968879,0.2792910268052835,0.6408912568015898,0.5116279019767443,0.32707774299218717,0.5038759639922481,4,1.25,1.2249999999999996,0.9251908396946565,0.9546347430007609
0.49230769230769234,0.3333333333333333,0.1986798535597565,0.1038481903928203,0.05138363947438338,0.40144718294164183,0.3623188356469229,0.13580246418457567,0.34782608202373455,3,0.7692307692307693,7.5307692307692315,1.9693069306930695,0.930499403990645
0.5175438596491229,0.6561428348052702,0.5202629748617675,0.430894693884507,0.360819146003176,0.5248609246517364,0.554744520548511,0.35127478253545097,0.5474452504755183,1,1.0714285714285714,1.333333333333334,0.9166666666666666,0.9811186858384785
0.6105263157894737,0.6366864120838055,0.5046272135896555,0.4139434209031137,0.3437404215027399,0.6036637061134935,0.6255924120626223,0.39298245114779934,0.6255924120626223,1,1.0833333333333333,1.5961538461538467,0.904707233065442,0.9428940176554212
0.3090909090909091,0.44607843137254904,0.33803312887002346,0.2714783530329077,0.21659302369484115,0.49869378119328495,0.39999999500876154,0.2296296246340193,0.38139534384597085,8,1.6666666666666667,3.216666666666667,0.760248447204969,0.8936759735859617
0.3972602739726027,0.3121693121693122,0.19112941014942847,0.12327314068486624,0.07841528897638757,0.4859690292970464,0.35897435415927026,0.11627906496281795,0.34615384133875743,0,1.0,6.3999999999999995,2.032258064516129,0.8638997371638731
0.2962962962962963,0.2041771884778264,0.11967835295614018,0.07748674195835813,0.050675138802989655,0.15693931050512003,0.19999999522283962,0.032653056534444655,0.17777777300061742,11,0.08333333333333333,146.58333333333334,9.928934010152284,0.8499984622792524
0.4473684210526316,0.47878787878787876,0.3330745484739022,0.24614318356460294,0.18402877318440747,0.47979808153058573,0.4318181768239928,0.23076922577107997,0.40909090409672005,4,1.4444444444444444,2.085470085470087,0.8588779641411219,0.9341327689465287
0.3357664233576642,0.32238805970149254,0.19649261682629354,0.12006714136460578,0.07031565861254904,0.33938387385029195,0.3481228619250079,0.10958903612745377,0.3481228619250079,8,1.5,0.5833333333333339,1.043613707165109,0.8522781329398615
0.3972602739726027,0.4383561643835616,0.2636898881434718,0.16617362728686072,0.10500203857060154,0.4079116977522398,0.37499999502812503,0.14432989192050183,0.37499999502812503,1,1.1111111111111112,1.9333333333333336,1.1526315789473685,0.8727855898119568
0.47580645161290325,0.5752212389380531,0.4107694772275916,0.2954626190553814,0.20864192336652365,0.5660473614915538,0.44982698463667825,0.2636103101931841,0.43598615418685127,0,1.0,0.17391304347825987,1.0180180180180178,0.9573651485020851
0.47183098591549294,0.6441504973521404,0.5328324166574391,0.45408865621628314,0.3881223302210986,0.621803701088074,0.5512820462921187,0.31830238228651436,0.525641020651093,2,0.8571428571428571,1.5476190476190474,1.0782190132370637,0.9949431331734805
0.5862068965517241,0.6666666666666666,0.5630925063714729,0.4753906818262712,0.4013078517353731,0.6387764453642832,0.6261682193029959,0.4330708611466923,0.5794392473403791,1,0.9285714285714286,1.0494505494505493,1.0901368570080225,0.9830921761684059
0.5111111111111111,0.3977272727272727,0.2608681562654508,0.16705005512584128,0.10431861802595527,0.5105951014220173,0.4484304883267309,0.17931033987419753,0.43049326859578924,2,1.1666666666666667,5.107142857142858,1.3714285714285714,0.8126603505037019
0.275,0.4079124800668075,0.2402338282506402,0.12655772510000343,0.07237291940837995,0.30111520027902566,0.34166666167534726,0.10810810319051338,0.3333333283420139,1,0.9444444444444444,1.4934640522875817,0.871376301716859,0.9810254721064624
0.38372093023255816,0.4635321215669644,0.3342362079826182,0.24988483841417058,0.18473509251592674,0.4050243059463955,0.4141689323701268,0.20767493861370007,0.4141689323701268,12,1.8571428571428572,11.016483516483515,0.4824470831182241,0.9797258976034797
0.3010752688172043,0.33792345348207375,0.15010430597358415,0.07135174218920942,0.022443823457498402,0.24320045308457813,0.305084740833094,0.019999995098001197,0.2598870007200997,7,0.46153846153846156,9.448717948717947,1.9098765432098763,0.9345234621838175
0.48484848484848486,0.4377358490566038,0.34310991526160983,0.2796358532936501,0.22514605070799812,0.49969028428347134,0.4690265436976271,0.30508474077242176,0.46017698617550323,15,2.1538461538461537,4.074175824175825,0.6990665584415584,0.8407521095114364
0.391304347826087,0.35555555555555557,0.2315842933279395,0.1519598975271288,0.10699880186622936,0.39794887650577543,0.3957219201372645,0.15740740242283965,0.3957219201372645,4,1.4,0.042857142857142705,0.9966777408637874,0.9041582832795718
0.6741573033707865,0.6464088397790055,0.5810069369409291,0.5267283026587221,0.4668622959614893,0.780904249142798,0.7526881670453233,0.6180257460730536,0.7526881670453233,10,1.8333333333333333,3.7727272727272734,0.6856060606060606,0.9133194071641175
0.7352941176470589,0.5764705882352941,0.47087095579741867,0.399535603433468,0.32757398295769397,0.7820752412884607,0.6202531595641725,0.4530386690455115,0.6202531595641725,1,0.9166666666666666,5.787878787878789,1.5987460815047023,0.7994763549569052
0.37037037037037035,0.3307086614173228,0.2370810008253536,0.1804221611707295,0.13940458019100946,0.37603318900987576,0.3924528252331791,0.18844984307462068,0.36981131579921683,14,2.4,6.216666666666667,0.6299603174603174,0.9300980528166979
0.43157894736842106,0.6646706586826348,0.5615774759345731,0.4787962142735252,0.40504423465857226,0.6889107790266977,0.5911602159950857,0.4094827536230121,0.5911602159950857,7,1.3043478260869565,1.9971014492753625,0.8479028697571743,0.976328858911477
0.49382716049382713,0.6408450704225352,0.49540894922309653,0.41257718458949194,0.33947149078739003,0.6179011597880629,0.5882352891212217,0.3142857092929706,0.5882352891212217,1,0.9,1.5777777777777793,1.1111111111111112,0.977758622020795
0.42,0.4790697674418605,0.33789174661085336,0.25305753624714195,0.19060204306920794,0.4365277383704349,0.4549356173176887,0.23287670733721158,0.4377682353434397,6,1.4285714285714286,2.3928571428571423,0.8179347826086957,0.8549996281137816
0.3670212765957447,0.40397350993377484,0.2554280903653931,0.17640012142086797,0.12177302364396042,0.2860174670126794,0.3485838731221136,0.13420621446594236,0.3267973807473859,7,1.4375,7.929347826086957,0.7129647845760377,0.8200813418157932
0.6545454545454545,0.7351098514285274,0.6129367244756598,0.5122198569824834,0.4346164811067954,0.7229686311444387,0.6779660967027357,0.48181817682479344,0.666666661674487,0,1.0,0.29999999999999893,0.9779411764705883,0.9919513670198994
0.41346153846153844,0.43478260869565216,0.2754801772600728,0.19119285462100905,0.12792866155512087,0.46093185442675244,0.41198501373002855,0.1636363586393023,0.39700374032178887,0,1.0,3.3684210526315805,1.3018867924528303,0.8491766437920494
0.3445378151260504,0.37770897832817335,0.25629771354835984,0.1902498640745641,0.14223405993262367,0.28463166544387375,0.32950191070888574,0.107142852143566,0.32950191070888574,1,1.0769230769230769,2.532967032967033,1.1233279828785447,0.8360978397511126
0.3673469387755102,0.5454545454545454,0.36474332620803873,0.2571755296444952,0.19024417114592534,0.46250971679946296,0.4585365803669245,0.20077219577287173,0.4487804828059489,6,1.5454545454545454,4.839572192513369,0.6672794117647058,0.9638990747646263
0.25,0.3051043460415639,0.17090071010581273,0.10031039354958331,0.06728538301200852,0.19588738201994654,0.2335766373381641,0.040268451377866485,0.20437955704619332,3,0.7,3.6428571428571423,1.3834586466165413,0.9787415969129332
0.3284671532846715,0.2119736297276116,0.1063348841582796,0.0685792965353648,0.045004399457012616,0.16285034545858115,0.18253967797083656,0.039473679688582584,0.16666666209782074,10,0.3333333333333333,13.466666666666669,1.7859922178988328,0.9257456406885065
0.65625,0.6102941176470589,0.4894864144090902,0.4007067841148868,0.3259875642581987,0.6014991921466515,0.5942857092871838,0.37563451276765697,0.5714285664300409,0,1.0,1.1818181818181817,1.1056910569105691,0.974279105244942
0.49056603773584906,0.5020408163265306,0.3657053204404621,0.28617734246631155,0.2197309309868445,0.5889833929182188,0.5176470538365244,0.2990654155864171,0.5098039165816225,8,1.6153846153846154,2.2564102564102573,0.8379373848987108,0.9569825485076471
0.40425531914893614,0.503030303030303,0.3458656673724097,0.2562456458621091,0.17767803487444428,0.45636789149929996,0.3925233594864181,0.21804510778449895,0.37383177070137136,3,1.2727272727272727,2.487012987012987,0.8257506824385805,0.9757386318275948
0.5662650602409639,0.5083588583549223,0.3764484930100036,0.2955717187174687,0.22649356185620817,0.4771335730500023,0.49999999500712006,0.2880658386519671,0.49999999500712006,1,1.0909090909090908,2.75,0.8035714285714286,0.9907734652463667
0.3627450980392157,0.3744292237442922,0.2269955008276673,0.15561440190066966,0.1103732156305478,0.2951841038023119,0.362831853408646,0.1333333283333951,0.3539822958865221,7,1.7,4.317647058823528,0.7489740082079344,0.8379211342514534
0.3235294117647059,0.3365525852695071,0.20098697264403756,0.11969771530479761,0.07391278087972743,0.26289933467772464,0.3157894688984919,0.12103745926301207,0.3017543811791937,4,1.3076923076923077,8.660633484162895,0.5735294117647058,0.9223744663398213
0.5047619047619047,0.64113236858992,0.49852746200755715,0.3934190159530002,0.3104890619828366,0.604953263849902,0.6124030957944234,0.3525640975846483,0.5968992198254313,0,1.0,0.6842105263157894,0.9371980676328503,0.985908663731038
0.609375,0.6153312796921585,0.5013524137417474,0.4097490663368462,0.3300326193334899,0.5509972521535089,0.5696969647015612,0.32653060725322786,0.545454540459137,1,0.8888888888888888,0.8472222222222214,1.0573308270676691,0.9838000768699462
0.42424242424242425,0.4770187011618948,0.33826004865935405,0.24806905466279836,0.18048285383232446,0.43081742426512876,0.39631335907919046,0.18867924032751882,0.3686635894939371,3,0.75,3.3333333333333357,1.2040816326530615,0.9542370362248556
0.7413793103448276,0.7439024390243902,0.6584548361205453,0.5807736762211051,0.5088126546572662,0.757969419948162,0.7065868213474846,0.5178571378587373,0.7065868213474846,0,1.0,0.5384615384615383,1.0445859872611465,0.9907542132208138
0.29896907216494845,0.3527415601379776,0.17842469884113546,0.1073020593933303,0.07286971582114034,0.2398625630826616,0.30456852294776987,0.06530611747305327,0.28426395441985114,1,1.0909090909090908,2.0151515151515156,0.8672654690618762,0.9254208656041502
0.2028985507246377,0.38798172086107313,0.22537983384279303,0.13746174023131527,0.07393479008994706,0.2943354333286715,0.2881355882203391,0.11023621548763121,0.2881355882203391,4,0.6,5.166666666666666,1.6078431372549018,0.9589931442745846
0.5543478260869565,0.62,0.5206296921823702,0.447763794542199,0.37612286388050714,0.6473717707763805,0.6399999950285433,0.43542434924905704,0.6222222172507654,4,0.7333333333333333,6.115151515151517,1.5067805123053744,0.9315335071804701
0.3854166666666667,0.404082455306131,0.2389567423596652,0.1272702821445089,0.057829879949656916,0.3211711254312309,0.4210526266752135,0.07346938285714318,0.39234449270392163,2,0.8181818181818182,0.15151515151515227,0.9904214559386972,0.9605156187198399
0.3780487804878049,0.4877391558849649,0.2941278222227291,0.1947251321244863,0.13030914384482004,0.4046354438010948,0.3636363586363637,0.13461537961584708,0.30681817681818185,1,0.9,0.9444444444444446,1.0755555555555556,0.9890868966172666
0.4755244755244755,0.6592592592592592,0.5192163043480167,0.4224175507341357,0.34909353174053853,0.5257023398123525,0.5731707267089903,0.34123222248860097,0.5670731657333805,7,1.4375,5.135869565217391,0.6956521739130436,0.993588159802035
0.6811594202898551,0.6488095238095238,0.5469476177905764,0.4663674202816668,0.39371370232539604,0.7192211041347063,0.6562499950005426,0.465306117449063,0.6562499950005426,5,1.4545454545454546,2.5909090909090917,0.8020833333333333,0.9602754231983055
0.4462809917355372,0.42402826855123676,0.2927590161133821,0.20519829160598477,0.14244985175609134,0.4133713813981269,0.38132295220033613,0.16149067823154986,0.3657587498657058,5,1.2777777777777777,1.0821256038647356,1.0964270340077487,0.8183093786513486
0.45714285714285713,0.4696969696969697,0.32796980277711113,0.234941185557993,0.15500449447167744,0.38561521191794146,0.3797468304438392,0.18378377880847344,0.36708860259573783,1,0.9090909090909091,1.381818181818181,1.116923076923077,0.9473643946062651
0.375886524822695,0.38285714285714284,0.2270672982192492,0.1439890839821748,0.0897554882132486,0.32188309476395105,0.317880789707469,0.10389609889883646,0.317880789707469,2,0.8947368421052632,6.693498452012385,1.481729055258467,0.8718973605622266
0.4647887323943662,0.48305760850866003,0.32599772920149034,0.23082081198026358,0.1602617729876238,0.4221577498033045,0.44444443946349643,0.199999995030247,0.44444443946349643,4,1.3636363636363635,3.703030303030303,0.6817708333333333,0.9634260740254471
0.5,0.46174142480211083,0.32599665641557835,0.2237982145923302,0.1461168055311526,0.4786137287630664,0.48829430938803814,0.19117646558931672,0.48829430938803814,6,1.4285714285714286,0.40714285714285836,0.9789667896678966,0.8113677110506873
0.7222222222222222,0.7612903225806451,0.6443983758996992,0.5612200107930481,0.4814075774568786,0.7668461731534081,0.6907216444978214,0.4786324736324787,0.6804123661473058,0,1.0,0.3636363636363651,1.0264900662251657,0.9884549197635075
0.48863636363636365,0.587378640776699,0.4573446198981151,0.3623622381764732,0.2824443374087879,0.6049083380960381,0.5286343562335774,0.29268292183224276,0.5022026381719032,1,1.1,0.672727272727272,0.9653233364573571,0.957100323668964
0.5555555555555556,0.3882978723404255,0.2367792192743451,0.12442779546572011,0.031444046986121785,0.5062411129564618,0.46060605573994495,0.19289339615553103,0.44848484361873286,5,1.5,2.133333333333333,1.205128205128205,0.927505348680545
0.09278350515463918,0.0005453692776562383,0.00041075855879208194,0.0002668883469714155,0.0001003926009901241,0.048895418385587,0.12499999805175784,0.049999998300781306,0.12499999805175784,16,0.058823529411764705,14.294117647058824,2.221105527638191,0.7137356785003908
0.3723404255319149,0.40625,0.2633624044877343,0.18789096969668073,0.1326629077102261,0.34158134572769655,0.4098360605902312,0.16918428504668648,0.4098360605902312,3,1.2727272727272727,3.2467532467532436,0.8636859323882226,0.8329708446856425
0.5416666666666666,0.6604638849736956,0.4967857584289509,0.3919978558743177,0.30561301953666126,0.6106546707537388,0.5853658486592802,0.3246073248496478,0.5731707267080608,0,1.0,0.5454545454545467,0.9516129032258064,0.9939947592229499
0.4823529411764706,0.589041095890411,0.4275580163501791,0.33634769223364414,0.25720808987588717,0.5002723521352447,0.507042248523882,0.24793387930059432,0.49765257716237965,2,0.8181818181818182,3.5858585858585847,1.283772981614708,0.996030625845643
0.6363636363636364,0.649030669818739,0.5758699431839187,0.5052237927228203,0.4330198957801744,0.6522911051212937,0.6481481431635804,0.45871559134079626,0.6481481431635804,2,0.7777777777777778,1.2380952380952372,1.1485714285714284,0.9911207351165414
0.6229508196721312,0.6983240223463687,0.5740611185656525,0.48779802247859444,0.4150777936526314,0.702636157743778,0.6049382666171316,0.40358743894709326,0.5925925876047858,1,1.0714285714285714,0.2904761904761912,1.0249488752556237,0.9837429490222216
0.3431372549019608,0.45454545454545453,0.26140076979230475,0.16229837560913205,0.10174754107829136,0.3669018871753246,0.35820895024479593,0.15189872919225925,0.35820895024479593,1,0.9230769230769231,0.9871794871794872,1.0833333333333333,0.9587907679914517
0.6875,0.7627118644067796,0.645917880798583,0.5359424436801605,0.43396325681216935,0.7925742125462099,0.7633587736262456,0.4848484798530762,0.7633587736262456,1,1.0909090909090908,0.34848484848484773,0.9657738095238096,0.9822854382252063
0.40625,0.3763157894736842,0.27470300585323437,0.19436587255693447,0.13122616137198037,0.4931320056641286,0.4466666617555556,0.18274111182547878,0.4466666617555556,17,2.4166666666666665,4.896551724137931,0.7279693486590039,0.8768235791635739
0.5689655172413793,0.5247252747252747,0.42846419914061235,0.3649968706482883,0.3103406397624377,0.6539746598022274,0.5928338712215515,0.4330357092861129,0.5798045552606396,5,1.3571428571428572,0.1578947368421062,1.0083102493074794,0.9039284915803588
0.4,0.561320371045496,0.44642607287837305,0.3732486655922499,0.313579605810857,0.4463792994143092,0.5196078382314495,0.3027888397682577,0.5196078382314495,7,1.7,9.088235294117647,0.5087440381558028,0.9515051765078152
0.6285714285714286,0.6492890995260664,0.5476401436380874,0.4813124470913898,0.4193837836590292,0.6387891917714942,0.6390977393654249,0.46153845654418935,0.6390977393654249,1,0.9411764705882353,1.8933823529411757,1.1676432291666665,0.98294224147943
0.28695652173913044,0.18231578752963243,0.08182271603919883,0.03650475115189232,0.011111781731781912,0.15481477595934162,0.31355931740160875,0.04590163477000851,0.2796610123168631,16,0.2,23.05,2.85140562248996,0.9337009823512824
0.3560606060606061,0.35658914728682173,0.23932400010309127,0.16764048181520938,0.11490747104393302,0.4141850524647949,0.39716311558347167,0.18947367922437686,0.3829787184203511,7,1.6363636363636365,0.31818181818181657,1.0150214592274678,0.829828476208808
0.5048543689320388,0.676056338028169,0.5175629229559517,0.41294519213249753,0.3292533527944909,0.6701952296704484,0.5872340375554551,0.37942121686624425,0.5787233992575828,3,1.25,1.8833333333333329,0.8829015544041451,0.9669299098167684
0.2638888888888889,0.1891891891891892,0.07183108769679851,0.04700622407151777,0.03059857185933017,0.14881913682785775,0.09917354872208209,0.0,0.08264462310224742,9,0.1,102.2,12.613636363636363,0.8735271353116798
0.31451612903225806,0.15519359933968876,0.09040168506034633,0.042930305172548824,0.01924942788560427,0.14622583051654714,0.23529411319447452,0.04499999590312538,0.2132352896650628,6,0.5384615384615384,4.692307692307693,0.8305555555555555,0.9440521031729846
0.4942528735632184,0.49447343078194417,0.3665172324216566,0.28485228871596247,0.22368802428761017,0.4081647444035688,0.4591836685214495,0.2558139485391504,0.43877550525614334,5,1.5555555555555556,11.206349206349207,0.5287049399198932,0.9710378143442014
0.6764705882352942,0.7272727272727273,0.6622569867105306,0.6121824861930145,0.5596876399729109,0.7310026098938527,0.715083793884086,0.5799999950020001,0.715083793884086,3,1.3,2.6461538461538474,0.7932692307692307,0.9867261387051873
0.5081967213114754,0.511392755932257,0.38215220873660033,0.3030154252139594,0.24636604257891,0.4647346034437955,0.4444444394817864,0.26130652769980567,0.419753081457095,1,1.1,1.6090909090909076,0.8732999284180387,0.9390033665898903
0.58,0.6981029607160463,0.5945742572691061,0.512387828048273,0.4372450440387628,0.6413331093862289,0.631578942378597,0.4161490633353266,0.6240601453861157,1,1.0526315789473684,1.1184210526315788,0.9016203703703703,0.9966368059617847
0.5833333333333334,0.6330275229357798,0.5078386573871658,0.4155982328325281,0.3470528677483936,0.5831251887274543,0.5714285664288542,0.40251571827063803,0.5563909724438917,2,0.875,1.1607142857142856,1.1752021563342319,0.9831559423200593
0.30303030303030304,0.22335007201483134,0.10163094354403011,0.05284787465112808,0.0260229410333022,0.18639749363609034,0.23404254837483035,0.07079645537229956,0.2198581512117098,14,0.3,15.85,2.161172161172161,0.8868541571442882
0.6417910447761194,0.7094339622641509,0.6577592469793562,0.6174205854996365,0.5756114451430008,0.794647066550015,0.7234042503197148,0.568181813182966,0.7234042503197148,0,1.0,2.6666666666666643,1.1373390557939913,0.9731385824931309
0.3548387096774194,0.34104046242774566,0.17245840308061927,0.09771991101326548,0.05655629123796434,0.3452238516727262,0.3253011998258093,0.08465607966742282,0.3253011998258093,0,1.0,3.666666666666667,1.4661016949152543,0.9418619474076345
0.6375,0.5727272727272728,0.45740074561827554,0.3670839460221341,0.2853922609113368,0.5218210620498555,0.5185185135328287,0.3063063013193374,0.5102880608579315,1,1.0833333333333333,1.1602564102564088,0.935838355193194,0.9639526586706014
0.48507462686567165,0.6026490066225165,0.47354143518417185,0.39310013852601966,0.3339817934115555,0.6366807648823891,0.5878787828905419,0.3696682414483053,0.5878787828905419,0,1.0,2.9285714285714306,1.1570881226053642,0.9751515809994062
0.6821192052980133,0.5202863961813843,0.45728582080600466,0.4181519831167933,0.37618811683336223,0.6876842869436208,0.682634725569221,0.6092715182053419,0.6646706537129334,17,1.9444444444444444,2.306349206349207,0.8384658143413006,0.8787897162396963
0.6666666666666666,0.7067857200352986,0.5661178146918924,0.46864267458392017,0.3847755928868147,0.6153455471291503,0.6368715033855061,0.41365461348970184,0.6256983190279642,2,0.8823529411764706,1.2470588235294144,1.064437689969605,0.9774558694720902
0.24369747899159663,0.1998980483949832,0.0747670357659265,0.015250637931834194,0.006502055007851908,0.1380555536376378,0.19626167735479097,0.039370073829748276,0.18691588296226758,9,0.3076923076923077,21.28846153846154,2.5814285714285714,0.9535114562625135
0.39864864864864863,0.3674698795180723,0.2644643586723388,0.19635445640306046,0.14816018638231876,0.422311453318074,0.3737024172560195,0.1899441291757437,0.3737024172560195,14,1.9333333333333333,2.6183908045977002,0.8138584736067985,0.9003488518223395
0.5306122448979592,0.6189914180407359,0.4619648497579549,0.35694611543542754,0.2642093103632359,0.534529174934782,0.5539906053340388,0.3088803038893279,0.5164319198880294,1,1.0769230769230769,1.6978021978021989,0.8670395869191049,0.9949614554332883
0.5753424657534246,0.6601271505791582,0.5659770617814899,0.4916948912550387,0.41895433674169924,0.6058955786943666,0.6524064121238813,0.5468749950149536,0.6524064121238813,1,0.9375,0.8541666666666661,0.9299145299145299,0.9841681993623754
0.3804347826086957,0.43673469387755104,0.26757401117323826,0.18961051055318154,0.13660231612189053,0.33512780221654936,0.38016528429034907,0.17197451735161684,0.37190082148043174,6,1.5,4.555555555555557,0.7492354740061161,0.8097264365716949
0.42342342342342343,0.48484848484848486,0.3342543271286343,0.2424975115680389,0.18121893378248177,0.48270946480578747,0.4385964862419206,0.21016948653513373,0.4122806967682364,1,1.0666666666666667,1.770833333333334,1.1398026315789473,0.9300537649686712
0.3333333333333333,0.5187821800318702,0.33173465117383455,0.24119128077932908,0.1793275826113864,0.43971611440886577,0.468085101428814,0.18604650666695524,0.468085101428814,3,1.3,3.1461538461538474,0.7634470792365529,0.9629247143471451
0.7049180327868853,0.6788321167883211,0.5695979463830869,0.4764358065211359,0.39548330813597404,0.685142449058426,0.6962025266463708,0.4893616971282255,0.6835442987982696,4,1.2666666666666666,0.7894736842105265,0.9013157894736842,0.9675981823292251
0.21390374331550802,0.16009315691681877,0.05633031660830004,0.02053934629724003,0.006672964656305999,0.1250498088417425,0.18618618146759383,0.014527840479807255,0.17417416945558187,4,0.7142857142857143,5.714285714285715,0.7484276729559748,0.9455992182284474
0.2972972972972973,0.276595744680851,0.1612598156156322,0.10949628812357036,0.06782897778475881,0.33793631869366564,0.2870370321334877,0.08064515644771102,0.2777777728742285,7,1.875,0.5416666666666661,1.0358126721763086,0.8657700573038251
0.3680555555555556,0.3421750663129973,0.19550366477183437,0.12025177948006334,0.07432864907747892,0.3046645859441617,0.2551928733393797,0.10835213947383195,0.2551928733393797,7,1.5833333333333333,5.657894736842106,0.7781217750257997,0.8141182169371723
0.3008849557522124,0.3105022831050228,0.20323717570209793,0.13799128973734995,0.09463102678122197,0.42844196456977307,0.36866358960011897,0.1984126935515874,0.3594469997383678,7,1.5384615384615385,1.9499999999999993,1.2166666666666666,0.8972757076354071
0.723404255319149,0.5645161290322581,0.47422414448019484,0.4009022699123568,0.3267239192627242,0.7320415985782384,0.5454545405095605,0.3878787829759413,0.5454545405095605,0,1.0,2.7272727272727284,1.319148936170213,0.9823596037804626
0.5,0.43253968253968256,0.30221363367145615,0.23034912385280393,0.165553999728293,0.44690052621446047,0.4219409232744041,0.1560283638006138,0.4219409232744041,3,1.3,0.5846153846153825,1.0310965630114566,0.8915790919735935
0.5465116279069767,0.6442431313553251,0.5094568201299455,0.42924960970488935,0.3637255693169769,0.6021908779586264,0.5433070816191334,0.3279742715360677,0.5354330658711018,2,0.8333333333333334,2.583333333333332,1.1573604060913705,0.9926523463391994
0.328,0.35737704918032787,0.24485649333761697,0.18003948243746518,0.13480346454412953,0.36705297748709786,0.29850745775785265,0.14164305455111606,0.29850745775785265,10,1.6666666666666667,2.0,0.8591549295774648,0.8292280464065445
0.37209302325581395,0.31795870108763835,0.16268630686213487,0.0978654996856,0.0650339285990152,0.23861280795406606,0.3152173863894141,0.07086613681164397,0.2717391255198488,11,0.5,4.636363636363637,1.3669064748201438,0.9078022268636302
0.6615384615384615,0.7263453500403768,0.6257300264622817,0.553387537740955,0.4828978167216521,0.7267162315387596,0.6799999950142223,0.5543478210964085,0.666666661680889,0,1.0,2.0,0.8974358974358975,0.9585068731229278
0.42857142857142855,0.5794392523364486,0.44256840095309535,0.34753265222119445,0.2685590131046258,0.5508914712243499,0.45945945446595243,0.2464788682394367,0.45045044545694346,2,1.1538461538461537,2.041025641025639,0.8748427672955976,0.9833175164533977
0.5056179775280899,0.44074074074074077,0.32382132509326444,0.2426942945468159,0.17668375487112983,0.6057344777830087,0.5074626816029307,0.2666666617005768,0.47761193533427393,11,2.1,3.8428571428571416,0.7698887938408897,0.8512841409719408
0.6862745098039216,0.5815602836879432,0.40249978761156585,0.2939563294535111,0.2052173994187843,0.6384073029743043,0.5373134278536422,0.30769230271285336,0.5373134278536422,3,0.7857142857142857,4.746753246753247,1.588093322606597,0.9656072623979698
0.5915492957746479,0.7366225632087937,0.6724333231886349,0.6185579431119063,0.5655503536070091,0.7284811206653632,0.7136150184928035,0.571428566459439,0.7136150184928035,0,1.0,1.7777777777777786,0.9279279279279279,0.9876949225101483
0.5064935064935064,0.46621621621621623,0.33317241933248465,0.2553039257397678,0.19065774053000104,0.47694428539035366,0.43333332833580246,0.24761904261950124,0.43333332833580246,6,1.75,6.303571428571429,0.6264550264550265,0.9649250969681471
0.4838709677419355,0.5627906976744186,0.4005267125522862,0.30124092069361796,0.22046633791281517,0.5564863691202792,0.5363984624330236,0.2821316564432347,0.5363984624330236,9,1.8181818181818181,6.795454545454547,0.6126943005181347,0.962336533501051
0.43103448275862066,0.47468354430379744,0.3428420732070968,0.26545135028534333,0.1984174255111819,0.510661779772454,0.5037036987212621,0.2526881670500926,0.4740740690916324,6,1.5,1.1111111111111107,0.9404761904761905,0.8911539916879868
0.3669724770642202,0.4127906976744186,0.2906704733635794,0.21467681831412813,0.1497495686341502,0.41811651816312534,0.3599999950125001,0.16806722189110954,0.34999999501250006,1,1.0769230769230769,1.2857142857142865,1.116883116883117,0.947700547195288
0.2619047619047619,0.1592665165670651,0.05532717202485091,0.01036419401781714,0.004227842467008832,0.11675703975511648,0.19661016483217475,0.010638293451789975,0.18305084279827646,12,0.3684210526315789,10.744360902255638,1.731694828469022,0.9415502644800063
0.5,0.6470588235294118,0.4486726975674848,0.30925566875425764,0.2152356032308078,0.5348137182334074,0.5238095188123584,0.2660098472178408,0.4642857092885488,3,0.75,3.8611111111111107,1.34320987654321,0.9945938922338496
0.696078431372549,0.6704980842911877,0.5700295492363993,0.49215592125161756,0.41876153437807223,0.5692392136788215,0.5669291288595077,0.33855798873045667,0.5511810973634448,1,0.9,4.0,1.16,0.9792018067239997
0.4482758620689655,0.46195652173913043,0.28421696376167027,0.19129144798719452,0.12188440300323714,0.4325510288166735,0.44086021005434156,0.20535713785873735,0.44086021005434156,6,1.4285714285714286,1.6571428571428584,0.8473684210526314,0.8636985955381999
0.425531914893617,0.3282051282051282,0.22149851315445115,0.1658666106058177,0.12819713369198618,0.46175847079972876,0.4153005416106782,0.14953270547296724,0.4043715798620443,7,1.7,1.0705882352941174,1.1029411764705883,0.9307171005101745
0.391304347826087,0.40934065934065933,0.22775506592431313,0.13455959650495217,0.06606788270587358,0.3283735845138796,0.3312883386192556,0.08372092529486237,0.3190183999689488,1,1.0666666666666667,3.0166666666666657,1.1528716216216215,0.8133187713836608
0.358695652173913,0.4943181818181818,0.34031116395394423,0.24433709435659862,0.17266020623842498,0.42381887844402216,0.38383837887103356,0.1757322125929169,0.36363635866901334,8,1.7272727272727273,6.464114832535884,0.5889869181624582,0.9184728193408166
0.47619047619047616,0.532967032967033,0.37984719678138656,0.27150115036388983,0.1895052302491996,0.5489940835769349,0.45989304313534846,0.21186440178002022,0.44919785596957307,1,1.0833333333333333,1.25,1.0980392156862746,0.9136620117879444
0.3218390804597701,0.2413162705667276,0.13785775725402102,0.08440600521605232,0.04980633234641668,0.34822818674210027,0.32463767621692924,0.09210525820444779,0.3130434733183786,22,2.2222222222222223,0.3249999999999993,0.9767857142857144,0.8411219039918009
0.40625,0.4730290456431535,0.36877615245892276,0.29836803169510095,0.23634168519280804,0.4958476368025696,0.5052631530193906,0.3524590115415883,0.5052631530193906,16,2.4545454545454546,5.983164983164983,0.5986901535682023,0.9194492371648105
0.6343283582089553,0.625,0.4849211429206662,0.3846412905717851,0.29982645969651606,0.5801531948184009,0.5893416877900178,0.34324942291827476,0.5705329103605508,5,1.2777777777777777,2.0048309178743953,0.8682957791177405,0.9580784673204569
0.36220472440944884,0.37003058103975534,0.21572572496801437,0.15164355436710666,0.11465369753970094,0.335372369258754,0.2457627068773342,0.09900989601890908,0.2457627068773342,13,2.3,6.5826086956521745,0.6835284280936454,0.9254451116862284
0.38461538461538464,0.30078125,0.19428097703896716,0.13618474183003765,0.09589968993701307,0.41523535222074504,0.36448597631932916,0.17164178606259758,0.3457943875342825,7,1.875,1.9333333333333336,0.8982456140350877,0.8711831167257957
0.2967032967032967,0.3670886075949367,0.22158750855095502,0.1262172391625987,0.059080801133623934,0.3786084892499675,0.3976608137519237,0.13131312634578124,0.3742690008864266,2,1.2,2.5666666666666664,1.2421383647798743,0.912474974434792
0.5862068965517241,0.7167630057803468,0.6191808003781526,0.5527863223401486,0.48776699587854555,0.6475712276737569,0.645161285322687,0.5096525046525843,0.6359446954609357,1,0.9411764705882353,0.8125,1.08125,0.9944014581678682
0.4298245614035088,0.391705069124424,0.2293251674560429,0.14599004894335638,0.08009186866455927,0.3481673017601161,0.37288135094118074,0.13103447775957214,0.37288135094118074,3,1.1764705882352942,0.2617647058823529,1.0247222222222223,0.9316169820808816
0.2682926829268293,0.24827595112305983,0.11969925914713007,0.0669596909115763,0.020615961750771884,0.17914824171189322,0.2485207051223698,0.05633802326169895,0.23668638559574254,12,0.29411764705882354,18.623529411764707,3.02948717948718,0.9302779789126102
0.44,0.43846153846153846,0.28289164780506393,0.19269232347334064,0.12951881749770872,0.3387069421975613,0.3311688261741019,0.11219511695169565,0.3311688261741019,3,0.8125,9.1875,1.4414414414414414,0.80946116386058
0.5256410256410257,0.46875,0.31331699485826764,0.19659975489326603,0.12309996981464938,0.5301707816577205,0.4598930431284853,0.21097045913582238,0.4598930431284853,7,1.5833333333333333,1.9780701754385976,0.8362976406533574,0.9404260681026555
0.32608695652173914,0.3919237058606112,0.20346221818385546,0.09233409765092168,0.02852909562215143,0.30664208633093526,0.3181818132231406,0.11180123732109122,0.3181818132231406,3,0.7,2.2714285714285705,1.2010113780025284,0.9638901958332756
0.42696629213483145,0.5404264315979428,0.4156648227698812,0.32858366512962145,0.2554997413748991,0.43313287901301345,0.4270833283355035,0.23333332833472234,0.4270833283355035,1,0.9,1.31111111111111,1.0885885885885884,0.9733853492619541
0.6567164179104478,0.6413793103448275,0.5038643769357262,0.41076620607311687,0.3333803269414849,0.650764587317352,0.7045454495480372,0.47474746974951537,0.6704545404571282,7,1.7,4.470588235294118,0.6561085972850679,0.9507464985813101
0.7207207207207207,0.7811158798283262,0.6539064203922158,0.5595613594987815,0.4732191210868659,0.7474281799276351,0.6983050797458202,0.4602739676090824,0.6779660966949728,0,1.0,0.0,1.0,0.9861041500358071
0.4675324675324675,0.4327485380116959,0.30272242545451605,0.2318922873614527,0.1708536583054499,0.4764951177344339,0.4858757012148489,0.259259254259688,0.4858757012148489,3,0.75,8.083333333333334,1.7404580152671756,0.8941923952015786
0.4233576642335766,0.31626317828902073,0.2584394783092054,0.2231688247279464,0.19325815311117897,0.3164964128582144,0.4736842058279472,0.34004473814572916,0.4678362526115728,8,0.6363636363636364,2.3896103896103877,0.8535614803024275,0.990931459537856
0.2608695652173913,0.3591844047165609,0.21134129480870237,0.13416402280693698,0.07921144877810568,0.29296791858478116,0.26415093843227133,0.06611569753705385,0.25471697616812045,3,0.7,2.7428571428571438,1.1576354679802956,0.9213480472342768
0.358974358974359,0.30288461538461536,0.17529239786472167,0.09865006232088831,0.04571030121849091,0.42549831596488763,0.32530119983742206,0.08376962853101644,0.3012048142952534,7,0.36363636363636365,40.81818181818182,4.650406504065041,0.9181010948701646
0.5841584158415841,0.5721153846153846,0.3898863091678797,0.2934624153502847,0.2207749047896361,0.5821782407031492,0.553571423573023,0.2758620639655907,0.5446428521444516,1,0.9230769230769231,4.8717948717948705,1.390946502057613,0.9585906044535398
0.646551724137931,0.632183908045977,0.49800663658185884,0.4079495550830228,0.33297396655631933,0.6663596818789118,0.5931034432818075,0.3739376720538646,0.5793103398335315,4,1.2857142857142858,2.071428571428573,0.8749999999999999,0.9462266562698421
0.6727272727272727,0.794392523364486,0.7086014598623558,0.6357464100643708,0.5656224671306552,0.8372582753818832,0.7605633752856577,0.5526315739482341,0.7042253471166435,0,1.0,0.375,1.0594059405940595,0.9931066505467124
0.5222222222222223,0.40487804878048783,0.26729958367317147,0.1915728067366519,0.1348887374014417,0.4405576386030107,0.41237112903390377,0.16949152043270627,0.4020618506833883,2,1.2222222222222223,1.9696969696969688,1.1181818181818182,0.8811782281630812
0.7419354838709677,0.620253164556962,0.4575858676267366,0.3502113035835441,0.2672397464581521,0.7072292256238745,0.6451612853277836,0.37894736342991686,0.6064516079084288,6,1.5454545454545454,1.8877005347593574,0.8311812529890006,0.8902932482809902
0.4927536231884058,0.4928571428571429,0.3572764395606843,0.2540217682790146,0.17407523999206745,0.5878974083598317,0.5211267555673479,0.20858895207045816,0.49295774148284077,5,0.7058823529411765,5.549019607843137,1.9070512820512822,0.9551723560070128
0.44871794871794873,0.5100671140939598,0.3423121094335235,0.24185335538448355,0.1596541912308283,0.493697221263272,0.4663212385245241,0.20353981800884968,0.43523315562296977,2,1.2,1.2833333333333332,0.9063260340632604,0.9611128164977882
0.3008130081300813,0.3225806451612903,0.15933703749387262,0.09133017042672403,0.05613884032548836,0.23494210722749997,0.28947367924899975,0.08510637802122659,0.28947367924899975,1,0.9090909090909091,4.972727272727273,1.2972826086956522,0.8265924744388112
0.594059405940594,0.47388059701492535,0.3696785017346204,0.2967001290841971,0.22504542116358273,0.6602828658250988,0.5596707768937662,0.33999999501088896,0.543209871543972,6,1.5454545454545454,0.21925133689839704,1.0141038871689028,0.8631210423200115
0.6764705882352942,0.6176470588235294,0.4650879227360209,0.3615532596835814,0.28106227702137976,0.7266729323528824,0.5836575825523476,0.36129031758064517,0.5680933802177172,6,1.3333333333333333,0.75,0.9296875,0.9330646724826954
0.7796610169491526,0.7883755122229023,0.6867929547304165,0.6085989315861127,0.5343171948950369,0.8045082752725635,0.7624999950125,0.6249999950086808,0.7624999950125,0,1.0,0.23076923076923173,0.9756097560975608,0.9920477452268015
0.5966850828729282,0.5634550995283364,0.4463906684168995,0.36802355437677886,0.3031399117898403,0.4606383229031351,0.5254237238652687,0.33018867436399874,0.5211864357296755,1,0.95,3.1710526315789487,0.8606130711393869,0.968227445827866
0.6805555555555556,0.6142857142857143,0.5106270453520999,0.4367500956060335,0.3740223824065402,0.7633666299943531,0.6298342491621136,0.43062200457864985,0.6187845254052075,1,1.0909090909090908,0.5151515151515156,0.9577114427860696,0.946364796145963
0.6122448979591837,0.6575158498534927,0.5511795233676584,0.47223719086190397,0.40191926133367484,0.623657029168047,0.5974025924071888,0.38247011452834084,0.5887445837491802,2,1.2222222222222223,3.979797979797981,0.7775268210050819,0.9859009887158628
0.6632653061224489,0.6534357445898772,0.521863786729108,0.42703854782401174,0.34866254251142825,0.5843841826940506,0.5977011444312327,0.40922189703925793,0.5977011444312327,2,0.8888888888888888,1.2430555555555554,1.0860576923076923,0.9844008903127818
0.7572815533980582,0.6975806451612904,0.6151784786001911,0.553046950807923,0.48854101387877635,0.7190868053086437,0.7591836684714702,0.5586206846554104,0.7591836684714702,5,1.25,1.83,0.8442553191489361,0.9746075333074766
0.6521739130434783,0.6245954692556634,0.5094822303744152,0.4226597158774427,0.34062489841387594,0.6431236698123548,0.6531791857556216,0.4272727222876034,0.6473988389348124,20,2.111111111111111,7.312865497076023,0.5265051117001136,0.9281868832717227
0.6071428571428571,0.6234567901234568,0.5055477820408136,0.4132073654561119,0.3428912765414941,0.5790395762274985,0.6459627279240769,0.42253520627653246,0.6335403676756298,3,0.8235294117647058,2.042016806722689,1.2142857142857142,0.9369052749451598
0.5584415584415584,0.5510204081632653,0.42116894719335046,0.3205021524772802,0.22689984358050883,0.45912499443560884,0.5517241329321266,0.29661016450912103,0.5221674826858211,4,1.4,4.199999999999999,0.7142857142857143,0.9374161621198868
0.5303030303030303,0.568,0.41168418838685306,0.30569164952789046,0.22326545333761527,0.6288375060065312,0.4999999950000001,0.25730993652063894,0.4999999950000001,1,1.0909090909090908,0.7803030303030294,1.0809748427672956,0.9517458820047595
0.8205128205128205,0.7736842105263158,0.6890963656627356,0.6221926474147413,0.5609778709187967,0.8045766257339454,0.7478991546642187,0.5850340086056737,0.7478991546642187,4,1.2857142857142858,2.658730158730158,0.7987987987987988,0.9951377337588444
0.34,0.45302069859660254,0.2885183096357372,0.17219422011267213,0.098563393776016,0.33725105803027045,0.3613707115773333,0.14479637512745458,0.3239875340072399,19,2.1875,10.894642857142857,0.43950390445567294,0.9378379341898123
0.4161073825503356,0.3608815426997245,0.21645966351869628,0.14246356135099694,0.09960398761036471,0.38403790816936,0.4048338318912752,0.1476190426790251,0.39879153581876764,5,1.3125,3.0357142857142847,1.213032581453634,0.9214504707349396
0.37209302325581395,0.25157232704402516,0.13213356204071097,0.0710823618436075,0.038089254611863105,0.32691839139087914,0.2531645519820543,0.0596026440382005,0.2531645519820543,6,1.5,2.666666666666668,1.1777777777777778,0.8437364082425578
0.17045454545454544,0.26383429483046084,0.10975183910390367,0.02177405406409144,0.0092039390466668,0.1631669518644199,0.2077922028225672,0.02116401621455282,0.2077922028225672,7,0.36363636363636365,14.931818181818182,2.2634615384615384,0.9498699343406088
0.32323232323232326,0.26066350710900477,0.15357031327501466,0.08997139133542637,0.023885758798699086,0.3378913644028602,0.25555555067654323,0.0380952332766446,0.24444443956543216,1,1.1,7.681818181818183,1.6679841897233203,0.8410226141629986
0.45544554455445546,0.3758620689655172,0.2600560731802811,0.18351218331000235,0.12769848484613786,0.41072305843001977,0.40485829459587935,0.14743589244329408,0.40485829459587935,4,1.2666666666666666,1.6631578947368428,1.1222910216718267,0.8850325257858351
0.7222222222222222,0.7522534232111657,0.6239553292873585,0.5260116265454932,0.44786674836162377,0.7213571758617956,0.7182320392027106,0.4465116229157382,0.6850828679319925,1,1.1,1.9818181818181824,0.8563899868247694,0.9898344990781934
0.40336134453781514,0.42710392509185546,0.2469664798567668,0.1540609837487499,0.08482077297708328,0.2989526693030153,0.3205128155475428,0.08294930387850695,0.31410255913728635,5,1.3846153846153846,7.7564102564102555,0.7007912957467854,0.9031901495173766
0.40540540540540543,0.3451776649746192,0.19683605305651053,0.12396459733327526,0.07792357407730109,0.34623772486197674,0.3454545404545455,0.10526315289547468,0.32727272227272736,4,1.4,1.2285714285714295,0.9197012138188608,0.9157967764000382
0.5,0.49295774647887325,0.38704446013904126,0.3135032214959798,0.2534864383317264,0.5647420310926907,0.560606055647383,0.2912621309793572,0.5378787829201104,7,1.3888888888888888,1.137777777777778,1.111304347826087,0.9641078582600663
0.6310679611650486,0.5238095238095238,0.4185202930190958,0.3367074851203502,0.265541151340248,0.4870972641522092,0.518518513559841,0.21874999504896386,0.4983164933578207,27,3.4545454545454546,19.25598086124402,0.30093798853569564,0.9270482522312913
0.71875,0.6891891891891891,0.521464271269567,0.413655053692104,0.333407858704561,0.7774526808659341,0.6578947318455679,0.4022346318716645,0.6052631528981995,1,0.9333333333333333,2.3047619047619037,1.2788018433179722,0.9687590417492804
0.4666666666666667,0.5331406197268775,0.4370656039217352,0.3703359122298251,0.31760855433904345,0.46499496065084556,0.5313653086613744,0.37606837109796193,0.5092250872591605,0,1.0,4.900000000000002,0.8157894736842105,0.9860504454894481
0.5421686746987951,0.6544502617801047,0.5629313507915958,0.47375897449625726,0.39494252294696974,0.6732322893862902,0.7196261632282297,0.4719101073596207,0.7102803688357062,8,1.6666666666666667,4.033333333333333,0.7030674846625767,0.9356658609875468
0.25333333333333335,0.34245762637741145,0.18215530301305463,0.10479285983707434,0.05854190730689455,0.2346750528751924,0.29670329171839155,0.08730158240362838,0.29670329171839155,7,0.5,10.857142857142856,1.8172043010752688,0.9375438415715485
0.30833333333333335,0.37333333333333335,0.223606797749979,0.14185652203031393,0.0834427005204744,0.3012104047607006,0.3199999950005951,0.10493826660970151,0.3127272677278678,5,1.4166666666666667,4.18137254901961,0.7599211933577258,0.9354669742486499
0.3865546218487395,0.3582404685712961,0.20250859884585276,0.13024736070659185,0.08192077251847864,0.27593628491378985,0.3234042504865551,0.10526315310901838,0.28085105899719337,10,0.4117647058823529,10.705882352941176,1.8053097345132743,0.9443282109275054
0.6708860759493671,0.7458563535911602,0.6720546544467465,0.6197904845008355,0.568082679701057,0.7497389376502781,0.7214611822147161,0.5915492907748958,0.7123287621233919,2,1.1666666666666667,1.7380952380952372,0.8814935064935066,0.9906049094924188
0.391304347826087,0.4644832079251259,0.3142036116904706,0.22461922387191766,0.16081043475498796,0.37031168521696345,0.38144329402221283,0.17427385402661813,0.38144329402221283,1,1.125,3.958333333333332,0.8080808080808082,0.9337360838922852
0.5842696629213483,0.6965542486149694,0.5762493939924991,0.49246298053925525,0.4206116986577606,0.6378161769387589,0.6203703653858025,0.4539007042450078,0.6203703653858025,3,1.3333333333333333,5.444444444444443,0.7200000000000001,0.9881797294729217
0.5714285714285714,0.5,0.38230072737812854,0.2984013982339254,0.22108061191288395,0.5885531690140846,0.5494505444656443,0.32407406908479086,0.5384615334766333,2,1.1333333333333333,2.462745098039216,1.2716262975778547,0.9306051683690258
0.5392156862745098,0.4489795918367347,0.3289613866852456,0.2408855720530565,0.1732891416774859,0.5151384673592091,0.4571428521469388,0.2131147491104543,0.43809523309931975,2,0.8461538461538461,6.664335664335663,1.5974921630094043,0.9372439826539294
0.33620689655172414,0.37261146496815284,0.20118490699267774,0.12159151004015918,0.07216012746684704,0.3036941787800688,0.34716980634645783,0.09809263808299144,0.3245282969124956,2,1.1818181818181819,1.79020979020979,1.0800500312695434,0.6965641138326111
0.2734375,0.3761904761904762,0.2163303381864593,0.15287156732414958,0.11299861208644671,0.31007617016543937,0.3223140445867769,0.12203389330560206,0.2892561933471075,3,1.2727272727272727,1.4545454545454533,0.9116022099447515,0.9044877319660699
0.2920353982300885,0.288062843281494,0.1501790268845675,0.0919182193657497,0.05115081170913023,0.23966672344291148,0.2938388577668966,0.07751937519229642,0.2938388577668966,2,0.8571428571428571,2.845238095238095,0.8028052805280528,0.9107437167042326
0.4431818181818182,0.4539249146757679,0.32751042602157804,0.24018380721453492,0.17812345633237567,0.48670673177137613,0.4939271205572949,0.25925925428231217,0.485829954565392,7,0.631578947368421,13.995614035087721,2.3430134680134684,0.8948330550873193
0.5540540540540541,0.7446636857575789,0.614390290548791,0.502138739603025,0.40894114080907384,0.7267802040820956,0.6740331441714233,0.3904761854780046,0.6629834204145173,0,1.0,0.2727272727272734,0.9793103448275862,0.9924200195441569
0.6355140186915887,0.703125,0.5626635887776332,0.45171599430198855,0.3566881849582463,0.6942994304933114,0.6302520958406892,0.40425531414994215,0.6302520958406892,0,1.0,0.5,1.054945054945055,0.9857739793389176
0.6086956521739131,0.5128205128205128,0.42084215004256065,0.35188022803893637,0.29403847936354394,0.6914316702819956,0.5164835115438958,0.2966507127538289,0.5164835115438958,2,0.8333333333333334,8.5,1.7727272727272727,0.9708442907389858
0.5647058823529412,0.6584158415841584,0.5399419993772414,0.4641024693416135,0.39968911754152114,0.6920072656013082,0.65789473184249,0.41481480981728397,0.6315789423688059,2,1.2,0.9666666666666686,0.945692883895131,0.9526783171595793
0.5957446808510638,0.6705882352941176,0.5557814372766566,0.48602306043958887,0.42177739220231375,0.6551816957062562,0.5736434058530138,0.39882697447218385,0.5581395298840215,2,1.2,2.5500000000000007,0.8928571428571428,0.9304728244741333
0.33884297520661155,0.4377104377104377,0.33302606640676186,0.2563533253231832,0.19629300888445866,0.4792854608009432,0.4621212071444559,0.2573099365758696,0.4469696919929408,16,2.0,2.96875,0.7576530612244898,0.9409033586950876
0.32679738562091504,0.4087301587301587,0.24875583663893477,0.16754446625722938,0.11264983357759671,0.3849091255609266,0.4014869838780559,0.16326530117451077,0.37918215116430126,4,1.3636363636363635,0.07272727272727408,1.0043478260869565,0.9506485194197095
0.6984126984126984,0.47305389221556887,0.35410136777418466,0.2773349220350142,0.2147509162553161,0.6071282035096579,0.5228758119953865,0.2762430889240256,0.48366012572087663,1,1.0833333333333333,2.0961538461538467,1.1949910554561718,0.9277935776942668
0.5542168674698795,0.6,0.4794477342423571,0.39538561398593486,0.31841624420092823,0.6747061394545486,0.6210526265811634,0.4017093967097669,0.6210526265811634,0,1.0,1.615384615384615,1.1567164179104477,0.9544837934069711
0.8333333333333334,0.8333333333333334,0.789461398498931,0.7462915945611011,0.704606496724176,0.8608420221630335,0.8225806401625911,0.7066666616675557,0.8064516079045266,0,1.0,0.7272727272727266,1.0714285714285714,0.9929804388091317
0.4883720930232558,0.5425860394162346,0.41616706779258217,0.3280675364049499,0.24890325493769858,0.5025415984492726,0.529411759729431,0.3145161240716051,0.5098039165921762,3,0.75,2.6388888888888875,1.1942740286298568,0.9887121309264962
0.43506493506493504,0.43302180685358255,0.29657638900818445,0.2162228898523387,0.15888601421798831,0.44348860799001244,0.4411764656271626,0.23132529622923514,0.4352941126859862,14,2.076923076923077,8.188034188034187,0.5921668795232014,0.8852131274677897
0.6911764705882353,0.7925925925925926,0.7132172376505024,0.6503851581236834,0.5877276299779745,0.8293798403094058,0.8023255764014333,0.6794258323234359,0.790697669424689,4,0.7647058823529411,2.7963800904977383,1.3685152057245082,0.9914382927562643
0.3391304347826087,0.3230088495575221,0.21433393660714173,0.16029754204195645,0.11497294350487076,0.4491143408069909,0.3211009125136774,0.1654135289476512,0.3211009125136774,12,2.2,3.3272727272727263,0.7553475935828877,0.9139194738742392
0.5483870967741935,0.6103344771763778,0.4750825264383699,0.3848995250766261,0.3141405469448804,0.5985852519185852,0.5213270092432786,0.3238866347194676,0.5213270092432786,1,0.9411764705882353,0.319852941176471,0.9676339285714285,0.9837991900443023
0.7349397590361446,0.8446501772996832,0.7513190207950975,0.685299468252474,0.6244655418256435,0.8220110774945296,0.7876106144705929,0.658146959857506,0.778761056948469,1,0.9230769230769231,1.2371794871794854,1.0780744336569579,0.9939152093044635
0.524390243902439,0.4745762711864407,0.3385478498324266,0.2461831738856807,0.16740680761837795,0.46811685763305083,0.4854368882049439,0.2267716485434188,0.46116504354474974,35,3.0588235294117645,14.55316742081448,0.41234240818563855,0.9330364935191072
0.7741935483870968,0.7980881553381038,0.699381926425561,0.6124714714542859,0.537099994246983,0.7540778162231694,0.7637795225593652,0.5611940248543552,0.7637795225593652,3,1.15,1.5521739130434788,0.8575987235739928,0.9874165307845676
0.42528735632183906,0.48484848484848486,0.39955629492721617,0.33460014473968996,0.2734631216588446,0.6318017111832858,0.5172413743638526,0.3366336583785904,0.5172413743638526,7,1.7,2.4941176470588236,0.7955641272902604,0.9516580217527076
0.6138613861386139,0.6068272071084841,0.5078161246816579,0.428767773807198,0.35913250639485034,0.6167763157894737,0.6779660967466247,0.47468353940975005,0.6610169442042517,2,0.8181818181818182,0.28282828282828376,0.985663082437276,0.9871962824266289
0.5376344086021505,0.4435146443514644,0.2830738368141958,0.1984204148134966,0.14985472613815287,0.43673930518255616,0.4691357974692205,0.20195439239419,0.42798353409473494,3,1.2727272727272727,0.2532467532467564,1.0150579150579153,0.887848099113525
0.575,0.47783251231527096,0.3767365779992112,0.3056198525633047,0.2446086832549436,0.4903758964636055,0.5280898826404494,0.24888888388898775,0.5168539275842697,1,0.9166666666666666,4.287878787878787,1.302673796791444,0.9021045561580451
0.3,0.43610866658030295,0.2686734195354185,0.15063691574531624,0.06763978304704701,0.3292703292657269,0.37499999502265163,0.12903225311134256,0.36538461040726705,2,0.8181818181818182,1.1717171717171713,1.0820948336871903,0.9859876621794634
0.27722772277227725,0.35156249999999994,0.17450012972943763,0.09202650569834928,0.0490747449564555,0.3122160478611785,0.24489795418575602,0.1397849412417622,0.2312925120088853,1,1.0833333333333333,0.7628205128205128,1.0839802399435428,0.9650245813351689
0.6330935251798561,0.581986143187067,0.45990091646333814,0.39274506218660543,0.3394954445381468,0.5643795719317258,0.5247813361079143,0.2979683923024322,0.5014577209475644,7,1.4666666666666666,4.451515151515149,0.8155449522852839,0.9080763595455382
0.25,0.350069327617179,0.20920643780925352,0.13398395822646567,0.08450305563171863,0.2849724394195548,0.2797927411366749,0.09132419595087704,0.2797927411366749,2,0.8181818181818182,0.9696969696969706,1.0784313725490198,0.9873739210419105
0.45714285714285713,0.3333333333333333,0.2114602732299179,0.137888840425676,0.08222988460730829,0.423058300949053,0.38356163892944267,0.13253011560458722,0.38356163892944267,5,0.7058823529411765,8.102941176470587,2.434895833333333,0.9173470622849224
0.6956521739130435,0.6634604756120174,0.545813231160267,0.4520241527046892,0.3760573811232479,0.6765490765375178,0.6283185790805859,0.4555984506152263,0.6017699065142142,1,0.9375,0.041666666666666075,1.003921568627451,0.9868100681896926
0.7647058823529411,0.7771739130434783,0.6988476072378559,0.6391729501883843,0.5772251024424152,0.7480481498382784,0.7307692257725182,0.536585360856633,0.7307692257725182,2,0.8,5.0,1.2777777777777777,0.9921320847130278
0.5421686746987951,0.6167664670658682,0.46421623992333183,0.3711883206480236,0.3006526643717247,0.627183408268234,0.5263157844930291,0.3268482440491151,0.49760765052173717,1,0.9090909090909091,3.2454545454545443,1.2412162162162161,0.9794278969646046
0.3888888888888889,0.2607003891050584,0.17767720096622042,0.1333025912687287,0.09152990270920305,0.34523485956677485,0.30051813003731653,0.12280701301515866,0.30051813003731653,10,1.9090909090909092,2.329004329004329,1.2350371341197028,0.8666133392417587
0.6037735849056604,0.4852941176470588,0.3972157518537232,0.3186187360093567,0.2445250358889454,0.7022251788411266,0.6394557773131566,0.3384615334648258,0.6258503351362859,5,1.4545454545454546,0.8409090909090917,1.0706106870229009,0.8119691007073799
0.6952380952380952,0.7214611872146118,0.6195940433201943,0.5453296236790564,0.47489559994590297,0.737784770943214,0.716981127075543,0.5029585748860335,0.7094339572642221,10,1.8333333333333333,7.462121212121213,0.5715528490648107,0.9776095152356241
0.6666666666666666,0.6489795918367347,0.5457950821166891,0.4569387224713186,0.3797180458619528,0.6760396745533347,0.62015503375969,0.43103447775878584,0.5813953438372094,11,1.9166666666666667,8.181159420289854,0.565602154674875,0.9847146299853263
0.325,0.4155844155844156,0.23282324390471643,0.11488982956141729,0.028093664922781352,0.3574222575639979,0.2962962914528613,0.06081080600278527,0.2880658387779641,4,0.6923076923076923,8.358974358974361,1.482962962962963,0.8690900985284654
0.38613861386138615,0.3842364532019704,0.24283117683256106,0.1631054550571963,0.10949700186801539,0.30823247401850973,0.3963133590579541,0.1489361652190535,0.387096769196203,5,1.4166666666666667,3.3088235294117645,0.7830279652844745,0.9437438710674876
0.36633663366336633,0.30817610062893075,0.1766570304086512,0.09487227672384292,0.056504351762329215,0.24929051785639345,0.33142856647575514,0.0881057219072758,0.3085714236186123,18,0.25,20.708333333333332,4.575539568345324,0.8964191870087802
0.27,0.4030067085341691,0.21414524403022725,0.10643256132220823,0.05525598458362022,0.3143026748281356,0.3387978092113829,0.07655501893271707,0.30601092396548124,1,1.0833333333333333,1.102564102564104,0.8933002481389577,0.9846706817863154
0.2222222222222222,0.3217913790707781,0.18469262769669767,0.09898077258748876,0.0498019233719058,0.25579530596470446,0.36129031762747144,0.10752687675742884,0.36129031762747144,11,0.3888888888888889,8.119047619047619,1.9941690962099126,0.9603843461277001
0.5783132530120482,0.7258064516129032,0.5875784835072949,0.47262129886357657,0.37482055317766205,0.7489536605661758,0.6564102514135438,0.4173228296456693,0.6153846103879028,3,1.2307692307692308,1.759615384615385,0.8685344827586207,0.983823168639325
0.3237410071942446,0.3961038961038961,0.27590614623702686,0.19185118191324002,0.12181935961867203,0.35455735463007737,0.395973149363317,0.20202019703563426,0.395973149363317,8,1.4444444444444444,2.2094017094017087,0.8428093645484951,0.8309773644840981
0.2565789473684211,0.2879060187691472,0.15076878513220743,0.07551791738896982,0.02053659458511087,0.190978347662996,0.3245282969950873,0.07453415656031821,0.2943396177498042,15,0.11764705882352941,77.82352941176471,6.90625,0.9565153822709236
0.38666666666666666,0.47761194029850745,0.33835449009940555,0.24061566712739352,0.1657743495870603,0.41376734299709844,0.39999999500134376,0.18556700530941136,0.39344261795216345,14,1.736842105263158,4.773524720893143,0.6298082869511441,0.9576326443689146
0.5,0.5778477353189431,0.4327070449230995,0.32232472493782416,0.2465750635323968,0.5151913676703442,0.5245901589596585,0.32286995020129106,0.49180327371375676,1,1.0833333333333333,1.666666666666666,0.868421052631579,0.9713265306680331
0.4915254237288136,0.5495495495495496,0.39353914020470043,0.2982505256621967,0.2148622684183236,0.5154887653526739,0.5034964984987041,0.2424242374288339,0.46153845654066217,1,1.0909090909090908,0.25,1.0277777777777777,0.9739342633617221
0.390625,0.3096091491064989,0.19696249828896178,0.13715335450232555,0.08770641524822605,0.2672842134333682,0.3382352892484862,0.13924050153420944,0.3382352892484862,6,0.5384615384615384,2.978021978021978,1.3199527744982291,0.9301795737531477
0.36538461538461536,0.3220655828019564,0.2389985895679351,0.1821614144834256,0.1354996138571568,0.31223316340658147,0.46082948834250037,0.24444443986172845,0.45161289848074926,1,1.0909090909090908,9.454545454545453,0.5377777777777778,0.9720827557075847
0.28703703703703703,0.3216441878000934,0.2051405617603919,0.13596524000030416,0.08805015176104128,0.2186167189466771,0.3060109240550629,0.11818181327479359,0.3060109240550629,3,1.25,4.066666666666666,0.6950000000000001,0.9519771108761836
0.29411764705882354,0.3221476510067114,0.16161707772186382,0.09142535630263923,0.05585969679329459,0.22551108675937617,0.2873563168450259,0.060913700594192474,0.27586206397146257,10,0.5,8.65,2.384,0.9249904781962129
0.5784313725490197,0.5703125,0.47291855618522066,0.3890677877056769,0.3122089004879535,0.5760933337074432,0.5461847339578394,0.35668789308998344,0.5461847339578394,20,2.5384615384615383,9.857808857808859,0.44038639671827445,0.9612288370629238
0.4380165289256198,0.4859437751004016,0.34001116401811043,0.24736876521935233,0.17527056737731916,0.45321707311225745,0.45522387561957006,0.21686746491508213,0.44776118905240586,9,1.75,7.05952380952381,0.6268093140339837,0.9206902601442143
0.43283582089552236,0.553243299407632,0.41919104678213415,0.31830210871905995,0.24470924548189474,0.4770459789265817,0.41212120712286504,0.20202019702224278,0.38787878288044075,4,0.6363636363636364,5.376623376623376,1.4164989939637826,0.9832896302480179
0.6428571428571429,0.7342995169082126,0.6117833603306705,0.5142475433644436,0.4251341961018217,0.7004413435792276,0.6434108477143802,0.4053156096179954,0.6046511577918996,1,0.9444444444444444,0.8431372549019596,1.07439446366782,0.9934953607164361
0.336283185840708,0.3180153731845732,0.19942634116920144,0.14365535669263493,0.10902110544089283,0.26209671433897774,0.35294117157482335,0.12389380057443827,0.3422459844090481,5,0.6428571428571429,0.6349206349206362,1.0522875816993464,0.9623211455608839
0.45588235294117646,0.4166558836938182,0.27175106106579044,0.18609744237427941,0.12671479195188912,0.365996311125284,0.4624277406929734,0.19213973303331375,0.4277456597681179,6,0.5384615384615384,8.285714285714285,1.6373626373626373,0.9448424056419507
0.4225352112676056,0.3401424790951284,0.21313530882979329,0.12531220308907695,0.07571833577322049,0.24167144379295522,0.2820512771334649,0.051020403265306595,0.2820512771334649,10,0.4117647058823529,10.0,2.0,0.955358222517537
0.19767441860465115,0.16640730725458425,0.06478063388252488,0.015895331934932498,0.007437177103895304,0.12857117412368194,0.15068492655282434,0.024242419273462906,0.12328766627885178,5,0.5,7.800000000000001,1.6610169491525424,0.8829855137835082
0.46875,0.6011904761904762,0.4762314638761584,0.38940052525660424,0.3222283745745138,0.6147384497899961,0.5945945896017533,0.3589743539834905,0.5837837787909423,1,0.9090909090909091,3.8000000000000007,1.2923076923076924,0.9881831464919364
0.36,0.5345426328302135,0.3364122526620775,0.22419086773985142,0.14052262892232203,0.4276198608417243,0.47706421525460824,0.16949152049411104,0.4587155914013973,1,0.9,0.6222222222222218,1.0723514211886305,0.970798773959266
0.2743362831858407,0.1861841637369478,0.09571701139677936,0.04946463861209291,0.024404488776349643,0.15796425164758932,0.21904761422902502,0.04562737173126738,0.20952380470521553,12,0.29411764705882354,11.576470588235292,1.7809523809523808,0.9572560245982321
0.391705069124424,0.3055229717826998,0.19563514260077625,0.13664022772545134,0.09207460464026132,0.24724176399608402,0.28205127712702177,0.09745762214458874,0.2564102514859961,9,0.4,27.9,2.3766447368421053,0.9548299577934792
0.34782608695652173,0.5118058671568378,0.35620231703898186,0.24994844905341576,0.17289028489246067,0.3988402453396133,0.4455445494730909,0.17543859151585117,0.4158415791760612,2,1.2,3.4000000000000004,0.7792207792207793,0.9897336373987207
0.3867924528301887,0.34765625,0.22459795234168636,0.15580185467585955,0.09972567236582962,0.43754335306096476,0.38738738242796855,0.15384614891272205,0.36936936440995055,5,1.4545454545454546,2.9090909090909083,1.222222222222222,0.9006130690790874
0.6336633663366337,0.6318681318681318,0.5116872204262761,0.40965020286517617,0.322670943221902,0.6409876957811216,0.5676855845273736,0.41044775620099133,0.5414847111649282,2,1.1,0.5772727272727263,0.9347714432460196,0.9578752623817286
0.26136363636363635,0.3333333333333333,0.24012009007506563,0.18110600620415115,0.1356948352837778,0.39361492896478323,0.3389830459472055,0.1538461489644972,0.3389830459472055,5,1.5,1.4000000000000004,1.1272727272727272,0.8955855768838333
0.578125,0.6688741721854304,0.48614353933673954,0.36199656786495804,0.27348775678231824,0.6706644810791579,0.594285709289796,0.33777777278261734,0.5599999950040816,1,1.1,0.027272727272727337,1.001990710019907,0.9917741555905799
0.2112676056338028,0.21993894800629946,0.09029842711116791,0.01895228914167133,0.00825317614965484,0.14862511318026408,0.27142856651122454,0.04907974973841743,0.2571428522255103,5,0.4444444444444444,8.13888888888889,1.5767716535433072,0.922515996204306
0.2645161290322581,0.22223866932132214,0.1082949337030692,0.04907105165186498,0.013627549188735582,0.17964544392150092,0.2385964864723916,0.06060605593424894,0.23157894261274248,9,0.5909090909090909,0.7062937062937067,1.0547128927410618,0.9393669081132766
0.34285714285714286,0.4166666666666667,0.23635972962353277,0.12609846840131406,0.06791781983680792,0.3310839899604597,0.3495145581638232,0.09160304846425059,0.3398058202997456,3,0.7857142857142857,3.8636363636363633,1.309090909090909,0.9373940186231071
0.28688524590163933,0.18054740196591856,0.08540793347685706,0.03188054102116539,0.010501294873647267,0.15566108304015672,0.23140495414520873,0.06122448516613483,0.20661156571545672,5,0.5833333333333334,1.9880952380952408,1.1069827033952595,0.9052999006786363
0.30701754385964913,0.4536082474226804,0.2988502441097641,0.21709126416630206,0.15739585593561833,0.4452538724646744,0.4242424192695039,0.19354838210454658,0.40692640195348667,1,0.9,3.9555555555555557,1.2247474747474747,0.9135129511195972
0.48,0.5384615384615384,0.38242491147345453,0.2766965680952096,0.19531858815239198,0.4528785649791145,0.49704141512692135,0.26086956024470703,0.4852070956002941,8,1.6666666666666667,10.583333333333332,0.6055900621118012,0.9441259339609602
0.34057971014492755,0.44667390598538426,0.2662368417888391,0.18089800330319372,0.13100724417213758,0.322252379653687,0.34013604945508813,0.10554089217451865,0.33333332836665286,0,1.0,2.5333333333333314,0.8680555555555557,0.9143455706541717
0.5842696629213483,0.6521739130434783,0.45593906915574656,0.3579360861846349,0.2804886232536902,0.5991913479898529,0.6161616111636568,0.35807859762018274,0.5959595909616365,9,1.75,4.083333333333333,0.6524822695035462,0.9892471372765531
0.6395348837209303,0.7045454545454546,0.5531491896170743,0.42322071738179795,0.32141758018367805,0.6571244975262833,0.6178010421435817,0.40163933930294277,0.6178010421435817,2,0.9,0.9777777777777779,1.1111111111111112,0.9605688187139265
0.4868421052631579,0.4540229885057471,0.31579675877211494,0.24057741797051807,0.17843929219433907,0.40771328739135426,0.4692737380244062,0.22966506677136525,0.4692737380244062,1,0.9333333333333333,3.3619047619047624,1.370798319327731,0.9295142258113933
0.3592233009708738,0.6049991261111344,0.47757947521763294,0.3792846227707198,0.2973630867914982,0.5759408761289204,0.5229357748876359,0.3082706717199955,0.5045871510344248,1,0.9285714285714286,0.20879120879120983,0.9842845326716294,0.9760695305252055
0.7023809523809523,0.6717948717948717,0.5705338337081882,0.49639462437712284,0.43421954572920224,0.6560084047961603,0.6410256360256412,0.4545454495456654,0.6153846103846154,1,1.0833333333333333,0.25,0.9836065573770492,0.9848805962329971
0.0,0.0027027027027027037,0.000604751450605815,0.00039754122074149193,0.00028635679761012306,0.002675943270002676,0.009900989338300225,0.0,0.009900989338300225,12,0.07692307692307693,714.3846153846154,28.888888888888886,0.6355414510858133
0.2894736842105263,0.26815419152020625,0.17277547572967414,0.12084120146532026,0.08119041140460634,0.2561376866616047,0.26244343402551146,0.03558718378997292,0.26244343402551146,7,0.46153846153846156,11.025641025641026,1.637037037037037,0.9428345498659582
0.5714285714285714,0.6998535657896868,0.6279458460655474,0.5715504107258101,0.5202858751593287,0.642415914147363,0.669811315783197,0.5714285664466618,0.660377353519046,1,1.0909090909090908,2.295454545454545,0.8523391812865497,0.9646435074242168
0.3581081081081081,0.30421686746987947,0.19879793823209482,0.14694758085132942,0.10624181699881301,0.35630472591346324,0.33650793151927444,0.173684205561773,0.33015872517006806,1,1.0769230769230769,7.945054945054945,1.5038327526132405,0.8962800604864689
0.5047619047619047,0.3917525773195876,0.25727937511088517,0.17448997412307668,0.11500999212088604,0.42801542171307944,0.3577235722387468,0.13592232509713992,0.3333333283363078,7,1.5384615384615385,0.6807692307692292,0.9553030303030304,0.7764578834628364
0.28695652173913044,0.32558139534883723,0.1916735680097916,0.12243390253342841,0.07209354587972785,0.310164216120554,0.31660231160418,0.1198738120431094,0.31660231160418,1,0.9090909090909091,8.618181818181817,1.5015873015873016,0.9375605152175014
0.7758620689655172,0.6323529411764706,0.49292296689186765,0.3928555835338183,0.31363908282073305,0.8043819702380961,0.6625766821167527,0.4656084606086056,0.6625766821167527,2,0.8666666666666667,5.892307692307691,1.6012558869701725,0.9039637851172574
0.5578947368421052,0.5469384028412768,0.4392373080469923,0.35741004024484707,0.29086675373918164,0.5283037575718148,0.48927038134355033,0.3003412920080607,0.4806866903564258,1,1.0769230769230769,3.1538461538461533,0.850909090909091,0.9580935110943269
0.2905982905982906,0.2988790544871714,0.16178638985639424,0.09162504583246603,0.05888473618406563,0.2413591138986962,0.2803738269019129,0.07003890560947211,0.24299064933181944,5,0.5454545454545454,6.984848484848484,1.4316479400749063,0.9463124837389921
0.5714285714285714,0.5529411764705883,0.4203325221394569,0.3363270263854425,0.2668326864843155,0.5377506123613389,0.5225225175553933,0.3320463270631029,0.5135135085463843,3,1.3333333333333333,3.833333333333334,0.787037037037037,0.9284421903901594
0.4742268041237113,0.3745583038869258,0.24985272458221125,0.16739339290410052,0.11223632964470681,0.4960149730553128,0.40384614893676035,0.17624520581788303,0.38461537970599113,6,1.375,3.8636363636363633,1.4292929292929293,0.8769313115583831
0.7692307692307693,0.6929133858267716,0.6024571608597296,0.5254551765269041,0.45392030669438116,0.7283991566816526,0.7152317830796895,0.505263152895291,0.7019867499671067,1,1.1428571428571428,0.9821428571428577,0.9417372881355932,0.9857231495150598
0.5866666666666667,0.5026455026455027,0.3656259215829457,0.2932815332037959,0.23155557988777237,0.49183998845544863,0.41340781622920636,0.19178081691791263,0.41340781622920636,6,0.45454545454545453,22.25454545454545,2.431578947368421,0.9182573380231341
0.5921052631578947,0.5422885572139303,0.4387623933417098,0.3580634329096288,0.28891162241053714,0.5735550299565249,0.5299999950020001,0.34090908591368235,0.519999995002,2,0.8571428571428571,4.821428571428571,1.404191616766467,0.9451092809299285
0.6491228070175439,0.7419354838709677,0.6659942845826639,0.5830243173297064,0.5006437201603958,0.7424199860916768,0.7441860415191394,0.5352112626066258,0.6821705376431706,2,0.8181818181818182,2.242424242424242,1.2771535580524345,0.9911005084057412
0.32,0.4199958200436891,0.27606723299877517,0.17650370499298157,0.11905936791000593,0.3916647560208738,0.40740740241045575,0.13930347759708936,0.3950617233981101,3,0.7272727272727273,3.4090909090909083,1.281954887218045,0.9847017516588855
0.5825242718446602,0.43190661478599224,0.2755378098017588,0.18437465994315427,0.1237384369136986,0.47310135833024775,0.47540983107094875,0.20279719780918393,0.4590163884479978,9,1.6923076923076923,2.7027972027972034,0.812105007292173,0.79567638560255
0.3557692307692308,0.38497652582159625,0.2728607838299411,0.2070988275754402,0.1593778374683945,0.3562977540928335,0.3348837159329368,0.1317829407391385,0.3348837159329368,2,0.8181818181818182,8.75757575757576,1.58739837398374,0.9555754806085272
0.37755102040816324,0.37341772151898733,0.23854087289391004,0.15651089157426787,0.10373382799844484,0.35035632163985947,0.3904761854780046,0.11184210026337452,0.3904761854780046,4,1.2222222222222223,1.474747474747474,1.1144200626959246,0.8771172451560785
0.5952380952380952,0.7019230769230769,0.6122199714993083,0.5267107822940463,0.4542237364216936,0.7555063242474338,0.6554621799533931,0.43055555059027784,0.6554621799533931,0,1.0,0.9090909090909101,1.1063829787234043,0.9924819335533543
0.2696629213483146,0.26868279990827215,0.13884113525389644,0.06946435114381713,0.03982647368009429,0.22939126924808542,0.22641508941102023,0.04255318658499377,0.22641508941102023,5,0.4444444444444444,14.75,2.0535714285714284,0.896589703297303
0.5757575757575758,0.4583333333333333,0.30197141665179933,0.21221567145893555,0.14820657368835957,0.5352680089534759,0.45348836709369933,0.23041474154643346,0.41860464616346676,1,0.9166666666666666,5.537878787878787,1.4647171010807374,0.9399197474479446
0.43564356435643564,0.3816793893129771,0.22623673412944306,0.1581463396812011,0.10677321284703195,0.42326315641400586,0.42253520638762154,0.15217390814849835,0.41314553502611917,7,1.5384615384615385,0.053846153846153655,0.9959064327485381,0.9299924778673805
0.38181818181818183,0.42613636363636365,0.2791452631195413,0.1830071373214065,0.11389237059779152,0.35790451895043734,0.3290043240119188,0.11363635864353788,0.3290043240119188,8,1.8,7.322222222222223,0.571799870045484,0.9750478037377558
0.4375,0.5833775919506788,0.4581421391468797,0.35982772562064796,0.2790736898449286,0.5557851239669421,0.5106382928774333,0.26794257875140226,0.478723399260412,0,1.0,1.8181818181818183,0.8611111111111112,0.9936959205335989
0.3384615384615385,0.3655172413793104,0.21375138636372354,0.13947574950414737,0.08572375473492844,0.3433349624135915,0.31707316573170735,0.10416666167154971,0.31707316573170735,2,0.8181818181818182,5.656565656565656,1.541062801932367,0.869505991710782
0.46296296296296297,0.39906103286384975,0.28084379899976375,0.2163899888634242,0.1728115841045826,0.3973843457652242,0.46545454045619844,0.22632793957405511,0.46545454045619844,8,1.5,0.125,1.0070921985815602,0.7974063006729902
0.8181818181818182,0.8292682926829268,0.7407971974871922,0.6681571344328081,0.6002635048086328,0.8324651045363951,0.7782426728250557,0.6127946077951231,0.7698744719882357,2,1.1333333333333333,1.5411764705882351,0.8866782006920415,0.9946257819102973
0.4915254237288136,0.5268817204301075,0.40839038048166865,0.3286474077872793,0.26389150187703053,0.5506172839506174,0.5102040766335788,0.3350253757138808,0.4829931922798371,9,1.5294117647058822,3.3280542986425345,0.7632764724814933,0.9239000138211667
0.6060606060606061,0.6851851851851852,0.5798352177016679,0.4992897757410388,0.4309562117559245,0.7301750140291806,0.6533333283342223,0.5414364590922134,0.6533333283342223,2,1.1538461538461537,1.3538461538461526,0.8886075949367089,0.947639089165105
0.32967032967032966,0.338099421333456,0.17958694429192248,0.105706228490145,0.06256454520959336,0.19852986030622827,0.2974358925180803,0.07792207295590443,0.2564102514924393,7,0.2222222222222222,49.66666666666667,4.040816326530613,0.9682988957689702
0.5114503816793893,0.497907949790795,0.32982815355675915,0.22587733396028736,0.1538427011030353,0.4394800282527396,0.4662162112274014,0.18749999501307477,0.41891891393010416,12,1.9230769230769231,8.132307692307693,0.5403478260869565,0.9585058769363473
0.3917525773195876,0.3431531457840103,0.2340547436917445,0.15519974918874735,0.10217722554522525,0.25084907164009085,0.2926829219750149,0.09848484366419905,0.2926829219750149,10,0.5,5.900000000000002,1.5267857142857144,0.9523866523017802
0.35135135135135137,0.38257575757575757,0.258678161155668,0.19112751957560853,0.13485703530771417,0.3431390844329096,0.373443978433567,0.15131578448753477,0.3651452232468449,1,1.0625,3.1544117647058822,1.2549019607843137,0.8821608901088095
0.4567901234567901,0.44481605351170567,0.3805116530270534,0.32957061418035044,0.27652157947237455,0.5621805698391987,0.4581005537567492,0.309734508387501,0.4469273693992073,9,1.6428571428571428,1.4285714285714288,0.900990099009901,0.93457925276428
0.5394736842105263,0.6187050359712231,0.5186542100019104,0.428304810402337,0.3444492462919639,0.6509806219721831,0.569832397234793,0.3959390812945451,0.569832397234793,2,1.1818181818181819,0.6713286713286717,0.9409230769230769,0.9783451483155905
0.484375,0.4649122807017544,0.3684709527721223,0.2930381075150794,0.23083928225476774,0.5073690660474716,0.47619047119070756,0.3006535897731642,0.47619047119070756,1,1.1111111111111112,0.844444444444445,1.08,0.9624853964458209
0.6,0.6264948626315926,0.5058058508432801,0.4170108179694418,0.34196651675878037,0.5817615625575824,0.5492957696835945,0.3265306072911797,0.5211267555990875,1,1.0714285714285714,3.290476190476191,0.8300123001230012,0.9869792423549972
0.56,0.5797800887654527,0.43729626672729177,0.34251949173770335,0.26347880432060605,0.4912975587462391,0.5868725818744503,0.36809815452124656,0.5868725818744503,1,0.9444444444444444,1.045751633986928,0.9144385026737968,0.9737811490242958
0.4421052631578947,0.6276303541545232,0.5091297177870946,0.4251625720638436,0.35146885029233316,0.588901093079605,0.563829782270258,0.37668160939411616,0.563829782270258,1,1.0833333333333333,2.2564102564102573,0.8307692307692307,0.9846287265962731
0.4479166666666667,0.3,0.1880722707878578,0.1256219870743766,0.08002211407875849,0.4781263198220653,0.41237112917419494,0.19409282220085824,0.4020618508236795,11,2.1,0.34761904761904816,0.9692372524230931,0.878447585842169
0.26666666666666666,0.3382300984861719,0.20588011438154616,0.14135264415490503,0.09334330408311095,0.22777777777777775,0.3536585316121357,0.11111110616212654,0.2804877999048186,7,0.36363636363636365,16.340909090909093,2.2658450704225355,0.943246661338406
0.45,0.5445246616133035,0.4137235175458662,0.32706964672440225,0.25541371600918594,0.48724790241691657,0.5316455646490947,0.3240740691358025,0.5316455646490947,2,0.8888888888888888,0.44444444444444464,0.9503105590062112,0.9703020828845742
0.3543307086614173,0.4624505928853755,0.3029126442011617,0.21783476898381007,0.1585353826503632,0.3302136429689247,0.34931506352692815,0.12813369977762454,0.3356164333899419,4,0.75,5.583333333333332,1.3602150537634408,0.9123819279557266
0.5892857142857143,0.6314526358195084,0.4707663098456766,0.3410397563610413,0.24062581784455817,0.528298333176382,0.5034964985084847,0.26943004682434435,0.5034964985084847,0,1.0,0.1999999999999993,0.980263157894737,0.9372140021043225
0.7006802721088435,0.5178826895565093,0.4219816898307099,0.3565753780148923,0.29625000642525745,0.48543664686628163,0.6393861842599147,0.3377926371424817,0.6240409157177151,16,2.3333333333333335,17.36904761904762,0.5897075365579303,0.9204677801076875
0.7007874015748031,0.7617403885387857,0.6602761801026659,0.5846631416056023,0.5115227233261838,0.7097669728788245,0.7537993871139402,0.5986696180707076,0.7477203597583172,5,1.25,3.2699999999999996,0.7949843260188088,0.984246622131127
0.5,0.6296296296296297,0.48952544116277075,0.39001393808525336,0.3165925524593999,0.6070977877359706,0.5679012295686634,0.3163265256127656,0.5679012295686634,1,0.9285714285714286,1.4560439560439562,1.1630769230769231,0.9751147891158809
0.37606837606837606,0.35684647302904565,0.2345502744800026,0.16357779263776692,0.11188014276702636,0.41142058783372015,0.37768239854629854,0.15224913005878776,0.37768239854629854,0,1.0,6.749999999999998,1.5062499999999999,0.9167242338152657
0.5267857142857143,0.5249169435215947,0.3990298312176051,0.311897386701265,0.2368148793315603,0.49719894123836467,0.37692307192781066,0.195845692329421,0.37692307192781066,7,1.4666666666666666,1.4515151515151512,0.9040849018822588,0.9542145573560625
0.6271186440677966,0.611353711790393,0.48299037859439314,0.4009310663958884,0.3304724333705164,0.6441845934566075,0.5615384565387576,0.35830618392640773,0.5307692257695267,0,1.0,1.6111111111111107,1.145,0.9628396376428676
0.4943820224719101,0.4484536082474227,0.32336005030032405,0.2453831851383978,0.1826104743638168,0.46561790407236453,0.39195979399510117,0.23484847985881552,0.32160803520113135,3,0.7272727272727273,9.25,1.6166666666666667,0.9653247156489565
0.5647058823529412,0.598522100280737,0.4901880092631885,0.4074627394722401,0.32978296247875055,0.584302512133257,0.6226415044410823,0.40145984902418885,0.6226415044410823,2,0.8,0.3999999999999986,1.0199004975124377,0.9962126773274671
0.6075949367088608,0.7281228849479179,0.6172049134978898,0.5363150433862286,0.45945046688348584,0.7075237904821118,0.6637554535199558,0.48689138077627686,0.6026200823409165,1,1.0625,0.8713235294117645,0.9194151649098946,0.984174134384769
0.2542372881355932,0.3202846975088968,0.2139040831470621,0.14889629475248636,0.0973101595366752,0.40556964700908904,0.3644067748509768,0.17218542564799802,0.3474576223086039,16,2.4545454545454546,2.683501683501685,0.7950102880658435,0.8672452132812067
0.44086021505376344,0.4987836319842979,0.3609694791675714,0.2834937386274634,0.22770781671315143,0.4185846548550819,0.43216079902628723,0.2542372831715025,0.402010045257443,1,0.9090909090909091,0.3636363636363633,1.0266666666666666,0.9595602668406018
0.32456140350877194,0.3838383838383838,0.22936279381358127,0.15456172743362773,0.10579110719109458,0.33976408828829135,0.38427947098491644,0.15017064346562004,0.38427947098491644,12,2.2,8.600000000000001,0.5113636363636364,0.9107865474954703
0.4426229508196721,0.5125355327464279,0.32848265909312085,0.2128170783778345,0.12581361753736486,0.388236507518977,0.4044943770595744,0.15568861778963047,0.3820224669472149,3,1.25,5.249999999999998,0.7174887892376682,0.9798529761069307
0.6470588235294118,0.6640926640926641,0.507346289431841,0.4140408882441898,0.33561835871728246,0.5786097081707051,0.5830508424604425,0.40816326031250005,0.5423728763587476,21,2.4,9.33888888888889,0.43514784946236557,0.9748659496196425
0.3559322033898305,0.389247027416794,0.23229089192237456,0.15481549784104728,0.09673462756845722,0.3017452065683733,0.356521734215501,0.09364548009530119,0.3391304298676749,6,0.6666666666666666,1.9166666666666679,1.1455696202531647,0.9422802384682737
0.2978723404255319,0.20457162890009228,0.12159205899958808,0.07000898677948994,0.018543928176566804,0.15488785556301715,0.25514402825788757,0.0721311429112607,0.23045267023319624,13,0.07142857142857142,129.78571428571428,8.53941908713693,0.932483304876091
0.53,0.6736401673640168,0.5451551994470245,0.44804197572104104,0.35767012884525917,0.6905455219648389,0.587786254544607,0.3882352891176471,0.5801526667583475,2,0.8333333333333334,5.149999999999999,1.2746666666666666,0.9910995390741107
0.4260869565217391,0.3737024221453287,0.21911271214340203,0.12514086695244123,0.071225412629905,0.3236584824535335,0.3320463270523695,0.09876542710562439,0.31660231160835417,5,1.2777777777777777,0.7874396135265691,1.0668580803937653,0.7451532906306324
0.3893805309734513,0.4098360655737705,0.26477072635084775,0.19178270949295914,0.13940691621161658,0.4949007956598953,0.4434782559240076,0.15999999504355572,0.4434782559240076,1,1.0714285714285714,6.833333333333332,1.5061728395061726,0.8198857017003679
0.5138888888888888,0.6150810052328416,0.47834166041161136,0.38482191487366696,0.3017676387864192,0.5704287475650034,0.5988023902111945,0.35051545891965147,0.5748502944028112,1,0.8571428571428571,2.428571428571427,1.1307692307692307,0.967670038397257
0.4049586776859504,0.3917506850932841,0.26285331183571203,0.2001792774125959,0.15256439515236395,0.2791029020690942,0.3809523761048123,0.15772870176437237,0.3809523761048123,6,0.6666666666666666,3.083333333333334,1.23125,0.9291805169670156
0.5096153846153846,0.663594470046083,0.5487032611687344,0.4646655108289059,0.3909513943542571,0.5913233622512881,0.5643153476992476,0.3833865764709245,0.5560165925125257,4,1.2352941176470589,2.019607843137255,0.8365079365079365,0.9751615850354792
0.358974358974359,0.36454849498327757,0.22120733236123258,0.14374945206425938,0.0932765439135414,0.33978220572757284,0.31715209856117976,0.12332439178460297,0.3106796066517946,5,1.3846153846153846,1.0811965811965827,0.9388888888888888,0.9099982651231254
0.5223880597014925,0.6733333333333333,0.546127305265949,0.44614105740783416,0.3584336746665976,0.6832837124910061,0.647342990178534,0.408163260308205,0.6376811544297418,0,1.0,1.1818181818181817,1.094890510948905,0.9815490335737789
0.1780821917808219,0.275,0.1520172480262651,0.10162213871430507,0.05378633679075434,0.1887024967054885,0.1605839366274177,0.03821655552598548,0.14598539648143233,7,0.36363636363636365,19.636363636363637,2.8947368421052633,0.8986287850402885
0.5223880597014925,0.5409836065573771,0.4175722895374737,0.3434813282822549,0.288455980984578,0.6648144577018251,0.5241379260404281,0.3086419703155008,0.5241379260404281,4,1.4,1.0857142857142872,0.889212827988338,0.9771407921814037
0.494949494949495,0.688622754491018,0.565173776963794,0.46876105595472267,0.39080110999870143,0.6862109650242382,0.654205602480566,0.45312499500000003,0.654205602480566,0,1.0,0.41176470588235325,1.04375,0.9921005912644741
0.22448979591836735,0.3647058823529412,0.21789104018994776,0.12816465590273302,0.05866617290241288,0.2654890885035662,0.3448275812068966,0.11818181318223162,0.3333333283333334,5,1.5,1.9666666666666668,0.8521303258145363,0.8808907826687923
0.4537037037037037,0.4,0.2900209467136991,0.2088514991539903,0.14571010070294999,0.4035227904391329,0.45643153027392785,0.183823524425011,0.44813277508720584,5,1.4166666666666667,2.019607843137255,0.8622994652406417,0.9172287366649133
0.0,0.0,0.0,0.0,0.0,0.0,0.0,0.0,0.0,9,0.1,4.0,0.6,0.8062500000000001
0.4946236559139785,0.42613636363636365,0.27028123880866767,0.187813738727756,0.12156813101276281,0.4369149637442321,0.4257425692887952,0.16806722190805748,0.4158415791897854,0,1.0,2.700000000000001,1.1812080536912752,0.8747633502623104
0.44329896907216493,0.31428571428571433,0.20137774303955508,0.12951946408481935,0.07792002861040816,0.3508128554997282,0.3485477128430985,0.10457515839869307,0.34024895765637647,8,1.8,3.544444444444446,0.8144269924374635,0.810625175354812
0.4927536231884058,0.49258791221893816,0.3550762292777019,0.26337550469558924,0.19055568515594712,0.41527106717866485,0.5161290272932363,0.2827225081494477,0.5032258014867848,1,1.1111111111111112,4.28888888888889,0.7119402985074627,0.9806652249675958
0.72,0.6697674418604651,0.5277766020849393,0.43175932997517974,0.3443736486773473,0.8091050914965462,0.783068778080121,0.6053639796779261,0.7619047569160999,11,1.7857142857142858,2.9714285714285715,0.7432098765432099,0.9451401002319909
0.43478260869565216,0.36936936936936937,0.26263780605881604,0.19334909420380067,0.1428825266450796,0.4686099534584383,0.4187725582176231,0.21264367318882954,0.4115523416111249,17,2.1333333333333333,4.460416666666667,0.6999719730941704,0.8556920590333622
0.41975308641975306,0.5314685314685315,0.4282453394002256,0.3538216788365834,0.28657855643912233,0.5262733035365293,0.5732484026483833,0.3299999950045001,0.5605095491451987,11,2.0,5.227272727272727,0.5542635658914729,0.9184198740184423
0.5972222222222222,0.5384615384615384,0.3864966398372165,0.2809530969449743,0.19791270055161894,0.6273019286172387,0.5534591144986354,0.2826086906545369,0.5157232654420317,2,1.2,0.6999999999999993,1.056910569105691,0.9113046340219151
0.2871287128712871,0.27450980392156865,0.1424218229739713,0.07573111688469032,0.021142990336459486,0.22170803112752724,0.24752474748750133,0.07287448892917474,0.24752474748750133,5,1.5,3.5000000000000018,0.7953216374269005,0.8485828638736495
0.22950819672131148,0.243644207504545,0.13641993032190758,0.06041457355359637,0.018350754573996066,0.1830901150475064,0.2885572090819535,0.08264462338638098,0.2885572090819535,3,0.8,0.8166666666666664,0.9303977272727273,0.9214542889184937
0.5161290322580645,0.3573667711598746,0.1983250380691844,0.12561159768048344,0.08532683348437804,0.40638581817228114,0.4482758570723097,0.14057507487838006,0.42241378810679253,1,1.0909090909090908,10.128787878787879,1.615561694290976,0.736075220837672
0.297029702970297,0.34482046662688287,0.1864213804224153,0.10773434010504504,0.07187484640691973,0.27227960338870816,0.28108107618758227,0.02654866769324234,0.28108107618758227,0,1.0,2.799999999999999,0.8418079096045198,0.9067939309376276
0.6379310344827587,0.6202341737108205,0.5219765011307849,0.44348390278972416,0.36894778927041993,0.5900933736758129,0.5999999950530762,0.41121494831917643,0.5636363586894398,0,1.0,3.4285714285714306,0.8466453674121405,0.994527584684222
0.569620253164557,0.5854747293389361,0.4223228330263253,0.317476400898952,0.213439875582572,0.5296208807914493,0.5649717464202497,0.27947597753360925,0.5649717464202497,0,1.0,0.1999999999999993,0.986842105263158,0.9804020730836295
0.7764705882352941,0.7456896551724138,0.6576964055511529,0.57423047529138,0.4866794134008804,0.8583565458658187,0.6899999950005001,0.49999999500292663,0.6799999950005,0,1.0,2.4615384615384617,1.16,0.9736435741505949
0.4186046511627907,0.4623538909326001,0.32025188290139106,0.24546371834827846,0.194924581485898,0.4338063350340136,0.44444443947469137,0.19607842642060758,0.44444443947469137,0,1.0,1.6666666666666679,0.846153846153846,0.9851164366572396
0.7833333333333333,0.6903553299492385,0.5993884794182297,0.520410839072684,0.4428522608027941,0.6788682027131148,0.7650273174045209,0.5634920584933233,0.754098355655887,2,0.8947368421052632,1.2724458204334361,1.1233493397358942,0.9189707179685466
0.6236559139784946,0.7271646335449535,0.6115160305981143,0.5248429654985997,0.44070963761814874,0.6928250855949155,0.6481481431635804,0.4081632603128697,0.6296296246450618,3,0.8125,2.3076923076923084,1.2097902097902098,0.9899020701414895
0.45569620253164556,0.4457831325301205,0.27008578410878287,0.15556516891858035,0.08995924672832149,0.3488937790885843,0.3583814979277624,0.09090908596010637,0.3583814979277624,1,0.9375,1.9416666666666664,1.2127853881278539,0.9170952789750909
0.2727272727272727,0.3615023474178404,0.21457025260556395,0.12785646597090963,0.07820507627264793,0.35387069495694956,0.4072398140046273,0.15555555055583006,0.38914026649331507,4,1.3636363636363635,0.07272727272727408,0.994904458598726,0.8863463105148562
0.6635514018691588,0.5787671232876712,0.4346775742008751,0.3392581374843276,0.26193424467281845,0.6363754241651426,0.5767790212178597,0.36931817681882756,0.5617977478096201,11,1.6111111111111112,2.097701149425287,0.8275862068965517,0.8870715211255723
0.3944954128440367,0.4220126117318567,0.29786453538329666,0.21342345031396093,0.14508852075559803,0.35718295211750933,0.49411764221453297,0.2241887857676144,0.48627450495963104,5,0.7058823529411765,0.5882352941176467,1.0408163265306123,0.9309275171968158
0.5245901639344263,0.4703389830508475,0.35226330184420435,0.2826896608320402,0.22404108197774314,0.46366116298339577,0.44128113379161865,0.2682215693491658,0.42704625834677884,9,1.6428571428571428,4.596273291925467,0.6906354515050167,0.9828324553736002
0.41732283464566927,0.40540540540540543,0.2749255510768435,0.1985723104910942,0.13738373614737523,0.47401269139533825,0.4393939344123049,0.19701492038921822,0.41666666168503214,10,1.9090909090909092,4.359307359307358,0.7637813746188131,0.9366580597204639
0.5,0.6303501945525292,0.5180649513085392,0.43070685888569643,0.35011085950988274,0.5877882049918638,0.5319148886192849,0.3360881492730461,0.5319148886192849,9,1.6,5.424999999999999,0.6637396694214877,0.9808890568923851
0.6842105263157895,0.6456692913385826,0.5404521153061413,0.4684724456689536,0.3981101252910578,0.6476545034903501,0.6040268406432143,0.4235294067709343,0.6040268406432143,1,0.875,3.2678571428571423,1.21968787515006,0.936237858880761
0.36607142857142855,0.37719298245614036,0.2764698579374257,0.20699123651855178,0.15898215805301175,0.4403124744193661,0.4125560488286513,0.20817843368665453,0.4125560488286513,7,1.5384615384615385,0.8307692307692296,0.9320754716981133,0.9470042945680571
0.2677165354330709,0.2431506199005151,0.14710062666350246,0.10512691935038718,0.07792003664252135,0.1927007623520949,0.2421524614305537,0.08301886296219325,0.23318385156508284,14,0.2631578947368421,21.578947368421055,3.2905027932960897,0.9028280725959534
0.45132743362831856,0.34397163120567376,0.244909816571216,0.18697058047685308,0.14341693524111698,0.39133290816326516,0.40983606059527017,0.20382165108523684,0.4016393392837947,11,1.8461538461538463,2.25,0.8392857142857143,0.8670754394160649
0.3458646616541353,0.33571428571428563,0.20226571219752784,0.14366884572998148,0.10490923122042185,0.31651786400689746,0.3284671483113113,0.14084506542733605,0.3211678782383186,7,1.5384615384615385,2.46153846153846,0.8504672897196263,0.871757305811955
0.3482142857142857,0.39471946732854846,0.2646680602964928,0.18565878462851237,0.1343598941939214,0.3197466583009457,0.38805969660392076,0.16438355678348673,0.3656716369024282,5,1.3846153846153846,7.619658119658119,0.6233629066328686,0.8874413847877228
0.6781609195402298,0.6043478260869565,0.5162813391093928,0.4593953543810805,0.407343017740651,0.7700072286887568,0.6582278431212948,0.49006622020262275,0.6329113874250922,3,0.7692307692307693,9.76923076923077,1.738372093023256,0.9242394029061236
0.4972375690607735,0.3350694444444444,0.23404394896751587,0.17578641598537148,0.1270808232117005,0.4501002415265508,0.4766839328239685,0.23290202827665626,0.4611398913731912,0,1.0,11.31818181818182,1.761467889908257,0.8218297345923458
0.4111111111111111,0.47305389221556887,0.31127247908693073,0.19490949121670195,0.10655259704915186,0.47650427007413804,0.43820224220111104,0.14479637510779897,0.42696628714493123,0,1.0,2.1999999999999993,1.2462686567164178,0.9647525805463756
0.42857142857142855,0.36607142857142855,0.25302462449765256,0.18244453451490475,0.135718302627371,0.3679144909946072,0.333333328369859,0.14915253738259138,0.32478631982285056,6,1.5,3.0555555555555554,0.8028673835125448,0.8382781966924474
0.524390243902439,0.6058195878094979,0.5020821696956526,0.42773710241422463,0.36651251545438984,0.4930594236188473,0.5893719757277883,0.3958333283875868,0.5797101399789961,1,0.9285714285714286,0.895604395604396,0.9376195943360123,0.9647478405185345
0.5625,0.46311475409836067,0.3546607593173436,0.27387108869284277,0.21688789204651254,0.5743891513084757,0.5352112626983184,0.32624112987349735,0.5164319199753136,7,1.7,0.8470588235294105,0.9442724458204336,0.8804745964275879
0.6379310344827587,0.5686274509803921,0.4564088805016152,0.33838696362501924,0.2416278546947846,0.6520598764630595,0.5806451563228409,0.3088235244214966,0.5806451563228409,2,0.8947368421052632,1.0,1.2,0.9337910791326293
0.48717948717948717,0.6681562922501199,0.569462406186988,0.4987514886265619,0.43401298483633854,0.6529428309951023,0.6171428521508573,0.3513513463614967,0.5942857092937144,3,1.3,5.415384615384616,0.7119476268412439,0.986454603769358
0.5949367088607594,0.6705882352941176,0.5270279315694456,0.4303783614054041,0.34655747129292364,0.6878767516997074,0.6333333283358025,0.44239630837690336,0.6333333283358025,7,1.5,2.7619047619047628,0.7456140350877193,0.9388555016546504
0.3835616438356164,0.45588235294117646,0.3074953282674683,0.22771332004556905,0.17480679814588443,0.3885696001805281,0.405063286168082,0.1855670053624191,0.405063286168082,2,1.2,2.166666666666666,0.8395061728395062,0.9011105800335955
0.39759036144578314,0.44053060140956757,0.267453142550132,0.16576695084861998,0.10302434192085264,0.33005786413557825,0.37735848557572893,0.124999995023244,0.3396226365191251,1,1.0909090909090908,1.1439393939393927,0.8933615819209041,0.953392332524871
0.3923076923076923,0.3943089430894309,0.2505345206609408,0.1785444373319627,0.12505116943173963,0.3638649703822641,0.37275985164938796,0.13414633649483215,0.3440860165239399,2,1.2222222222222223,0.8585858585858581,0.9630274032187908,0.8805057386076048
0.38613861386138615,0.36013986013986016,0.2357976671026797,0.14601286948808526,0.09231895564287414,0.40846194784459816,0.36529679871812515,0.10996563076487073,0.356164378626801,0,1.0,6.411764705882353,1.615819209039548,0.852803999063059
0.45689655172413796,0.5285999136346127,0.41373047052113415,0.347786340966915,0.2904796922700785,0.4223022333199534,0.47101448778539173,0.2898550674822937,0.47101448778539173,1,0.9473684210526315,0.2660818713450297,0.9782088122605364,0.9693268639572267
0.40625,0.40801411395047765,0.2607149597754126,0.185819703379283,0.13847653116321806,0.3066953122165464,0.28846153346153847,0.10317459818594128,0.2692307642307693,2,0.8,3.4750000000000014,1.205621301775148,0.9539673155465508
0.27472527472527475,0.4267515923566879,0.2767606179602953,0.19819353669758225,0.13036159587743648,0.3827336227051807,0.35555555056111116,0.1566820226583705,0.33333332833888896,4,1.3636363636363635,2.26060606060606,0.8223809523809524,0.8759431774664348
0.3708609271523179,0.4527027027027027,0.31339028016993936,0.21893330842138947,0.14521289221894118,0.3914174002122744,0.3815384565388876,0.19523809023911579,0.3630769180773491,8,1.5333333333333334,3.1971014492753618,0.8010102832401227,0.9533690400502964
0.4017094017094017,0.25524475524475526,0.1525958270837744,0.10178245289958221,0.06758156723346254,0.35304028354181644,0.26609441560831854,0.11188810691256318,0.24892703363406962,8,1.7272727272727273,0.9617224880382764,1.0682512733446519,0.8589572677456845
0.6346153846153846,0.5560747663551402,0.41193953139534506,0.31581142944449453,0.2474294515048609,0.5343952329140009,0.5287356272051204,0.26623376124725934,0.5210727919560783,9,1.45,2.7206896551724133,0.7306247866165927,0.9477831646345777
0.5294117647058824,0.6592592592592592,0.5433145618342664,0.4570199011768097,0.3815152618057799,0.6361588166037262,0.5955056129800532,0.4170616063772153,0.5955056129800532,1,0.9166666666666666,1.2727272727272734,1.115702479338843,0.9864776739739483
0.5166666666666667,0.4774774774774775,0.325370630270339,0.22622490331599338,0.15692774925181274,0.4716564590612273,0.43089430395928346,0.219178077195534,0.43089430395928346,2,0.8947368421052632,3.1114551083591326,1.3127917833800187,0.9267065312666944
0.6666666666666666,0.6951219512195121,0.565545213575303,0.4718126569137413,0.3945437590033267,0.6970646907950984,0.6575342415804508,0.4247104197140771,0.6392694013978024,3,1.2142857142857142,1.7100840336134464,0.8494265630780613,0.9785049374393783
0.43478260869565216,0.42292490118577075,0.28676714848948226,0.19927245001397742,0.1317629244691658,0.47354876826172376,0.4310344777887189,0.18181817685339152,0.4310344777887189,5,1.2777777777777777,1.7222222222222214,1.1856287425149699,0.9442125010320792
0.6698113207547169,0.72,0.6362540979109162,0.5757811246965977,0.5142206993310754,0.7359035230656852,0.6474820093895244,0.5141242887853108,0.6330935201808913,4,1.3636363636363635,4.969696969696969,0.7703081232492998,0.9900600784249395
0.4794520547945205,0.6188881658975476,0.4883539958092089,0.4011929791750965,0.3229531485213914,0.6092917078571175,0.6272189299324255,0.37894736346592806,0.5798816518259164,1,1.0909090909090908,2.1515151515151523,0.8179487179487179,0.9833823468768161
0.65625,0.7148936170212766,0.6563301233138936,0.5999341390598475,0.5446185888561206,0.7109054426540189,0.7782101117321989,0.621700874766471,0.7782101117321989,13,2.0833333333333335,8.6,0.5222222222222223,0.9682790342747678
0.6271186440677966,0.43243243243243246,0.3287979746107145,0.25521982747568633,0.1904134856605405,0.5605563674247811,0.4353741446786062,0.26881719931032494,0.4217687025017354,1,1.0714285714285714,3.404761904761905,1.3813333333333333,0.8602581124309441
0.6595744680851063,0.6,0.47733437050543803,0.3851416228059728,0.29137576162255435,0.590372654155496,0.5624999950021702,0.3119266005083748,0.5624999950021702,0,1.0,0.4285714285714288,1.0810810810810811,0.968415571717652
0.5492957746478874,0.6898481609491617,0.5821028795042674,0.5043950749158223,0.4438680617421464,0.6678114222312828,0.6545454495764923,0.47872339928304664,0.630303025334068,0,1.0,0.5384615384615383,0.943089430894309,0.9830280679463813
0.5274725274725275,0.5583756345177665,0.40296991308862823,0.3023207813791165,0.23174989378316072,0.5015539570054384,0.5161290272590202,0.26855123175067747,0.5069124373972691,0,1.0,2.2727272727272734,1.1453488372093024,0.9663995135040141
0.4166666666666667,0.5104166666666666,0.37277554316859657,0.30112473350246377,0.2542586831855538,0.4348916618687401,0.4521739080529301,0.2785714235806123,0.4521739080529301,0,1.0,0.647058823529413,1.0607734806629836,0.9806329162106927
0.47126436781609193,0.5857142857142857,0.440265266203083,0.33965769929682604,0.26191505948406674,0.4673145448655653,0.5536723113843404,0.27678570929567925,0.5197740062995947,4,1.3636363636363635,3.3939393939393927,0.7333333333333334,0.9571652082461231
0.29411764705882354,0.34532374100719426,0.20009381596950945,0.11597290456268593,0.05725250133463403,0.35262254395036197,0.3453237361213188,0.07100591223696684,0.3453237361213188,0,1.0,4.700000000000001,1.5108695652173914,0.938957569229791
0.3404255319148936,0.3291139240506329,0.24201471458737284,0.18715583763241972,0.1436696235943015,0.4544131336522594,0.45128204632952007,0.25641025146285346,0.4410256360731098,4,1.3076923076923077,3.248868778280544,1.3038510368176048,0.9424331210823124
0.5913978494623656,0.6310160427807486,0.4976513176859827,0.4069758515364531,0.33658118608598925,0.5657547396208303,0.5702811195019436,0.328859055406288,0.5461847339597751,1,1.0833333333333333,1.032051282051281,0.9330561330561331,0.9728882917964572
0.5616438356164384,0.674725284872466,0.5177341904132009,0.4124654424007338,0.3298941075049116,0.5464486082672443,0.6343612284826021,0.3285714235839286,0.5814977923592541,0,1.0,0.9090909090909101,0.945054945054945,0.9874760336042633
0.2857142857142857,0.4042699087690668,0.27312997727675825,0.20395640587287825,0.14998248217714197,0.3963552552939273,0.37575757083856753,0.18367346445074983,0.37575757083856753,2,0.8181818181818182,2.0909090909090917,1.1755725190839696,0.9242108166943
0.573170731707317,0.7284768211920529,0.6233145043254074,0.5330819866047909,0.45585576165887287,0.7382726108718426,0.6914893567072204,0.49275361819785757,0.6808510588348801,2,1.1111111111111112,0.2833333333333332,0.9638297872340426,0.9686670219154664
0.4161073825503356,0.4028349703178799,0.3561815101017041,0.3192110376795557,0.2841126186990925,0.3682720755575785,0.5459940605038348,0.3743842317940256,0.5400593424029445,3,0.7,4.642857142857142,0.8571428571428572,0.9842829326384878
0.5769230769230769,0.4827586206896552,0.3447214690829168,0.2581784577365074,0.18163191169974074,0.4778439085628711,0.5224489745925864,0.2704402465725249,0.5142857092864641,15,2.25,9.333333333333334,0.5087719298245613,0.926155308504468
0.34782608695652173,0.3405172413793104,0.23354169359061117,0.14837189416311466,0.09852619956313927,0.4022118397396055,0.3186813136813187,0.1300812958133388,0.3076923026923078,6,1.5454545454545454,0.7165775401069521,0.9501116902457185,0.751576106603096
0.6551724137931034,0.6142857142857143,0.4921295563731327,0.39159968915584564,0.30671824205092296,0.7199463277554591,0.5587044484453114,0.3558282158605895,0.5506072824534085,6,1.3529411764705883,0.8260869565217384,0.9364548494983278,0.9411898915368433
0.49411764705882355,0.3310144207753231,0.2331817763261446,0.16586218796767366,0.11354101983989175,0.3076063611370026,0.40217390808128545,0.1968503888793479,0.35869564721172026,10,0.2857142857142857,23.17857142857143,2.590686274509804,0.9428316278879157
0.5576923076923077,0.7197879668994185,0.622550925803289,0.5544635447468651,0.48623824681330974,0.6864809045815288,0.6569343015696095,0.509090904092562,0.6569343015696095,2,1.2222222222222223,3.242424242424242,0.773784355179704,0.9744911671197053
0.2803030303030303,0.24676841794797008,0.14508893678416637,0.07598705684501297,0.0356194142720195,0.2102708453137709,0.2813688164807935,0.0707964553608134,0.22813687731729543,11,0.15384615384615385,70.15384615384616,4.722448979591837,0.8871937599337851
0.3333333333333333,0.29130168673636436,0.15204995685190023,0.09971025145627375,0.052263087228109184,0.21859227129337538,0.30952380454152495,0.068965512241501,0.27380951882723936,10,0.09090909090909091,113.45454545454545,10.826771653543307,0.9124853076722845
0.6333333333333333,0.7272727272727273,0.6129906816237713,0.5134064547772178,0.432038490677732,0.7461937707826158,0.6754966837436955,0.4571428521430205,0.6754966837436955,0,1.0,0.41666666666666785,1.043103448275862,0.9810306472115328
0.6162790697674418,0.6560509554140127,0.5425696627787313,0.4745160010315227,0.41083519737032786,0.6869497657144505,0.6161616111636568,0.44628098673587874,0.6060606010626467,1,1.1,0.4272727272727259,0.9709338280766853,0.9841491387624288
0.4186046511627907,0.4079601990049751,0.24737427079376356,0.1377248056899928,0.05937042989049905,0.45249503440427047,0.3586956472329868,0.11267605135665344,0.3478260820155955,1,0.9,8.433333333333332,1.606714628297362,0.862600145092931
0.42857142857142855,0.5078740157480315,0.36122218439144876,0.27819462344200474,0.21521719983615525,0.422210962279312,0.45454544955425696,0.22739017588820132,0.42657342158222905,0,1.0,0.5882352941176467,1.040983606557377,0.9416694949898261
0.36054421768707484,0.42469106685686975,0.30917035008941324,0.24003873433068446,0.18669297291957315,0.36939218372376825,0.42611683349795115,0.2399999950387201,0.42611683349795115,9,1.6,6.85,0.5954724409448819,0.9165231097396468
0.3103448275862069,0.36363636363636365,0.20052378963551984,0.11835292021578586,0.0623237470155917,0.3349251823512585,0.3203463153539102,0.1040892143464023,0.3203463153539102,9,1.8181818181818181,5.095454545454546,0.6722222222222222,0.8732238603532982
0.6507936507936508,0.6716417910447762,0.6071618353724542,0.551534537563849,0.49309249583231446,0.7205249616224515,0.7329192496740095,0.6060606010789715,0.7329192496740095,1,1.0909090909090908,0.9848484848484844,1.0967261904761905,0.9737415740666233
0.5360824742268041,0.49818181818181817,0.33574882386580707,0.23734782453202452,0.16299999851777877,0.45582751711572106,0.47368420554016627,0.2470588185467129,0.46616540854768496,1,1.0666666666666667,0.8541666666666679,1.052295918367347,0.8933594318564293
0.4368932038834951,0.41263940520446096,0.24816923847656652,0.15745067388045578,0.09126373664275168,0.3938184710999108,0.3739130384877127,0.09302325081400893,0.32173912544423444,1,1.1,4.754545454545454,1.2413474850023074,0.8751456298471767
0.48,0.49107142857142855,0.3318217917398049,0.2348664362016428,0.17309365075752278,0.5256735312606808,0.4355555505564445,0.2293906760041624,0.4355555505564445,2,1.1428571428571428,1.5,1.12,0.867006179255172
0.5833333333333334,0.5950920245398773,0.4328322833422834,0.3268208584335294,0.23716231034279553,0.7411649235720031,0.5681818131979598,0.2713567789298251,0.5568181768343234,0,1.0,4.777777777777777,1.3583333333333332,0.9035386677417685
0.42592592592592593,0.39285714285714285,0.3112764322858458,0.2607542269264917,0.21549761480875543,0.5043859649122807,0.4824561354897661,0.2878228733546657,0.4736842056652047,12,2.5,6.800000000000001,0.6222222222222222,0.9432367160205005
0.24113475177304963,0.2623974372340788,0.13401796588017784,0.07796708984039624,0.04573216514658168,0.22356585998870718,0.32921810207725793,0.08135592731973601,0.32098764940236074,2,0.8461538461538461,0.6433566433566433,0.95838986883763,0.952886681579903
0.2755102040816326,0.4043619780960013,0.27712145653535586,0.17412202705371185,0.10845177761315818,0.36012456939656995,0.35175878897098567,0.13654617977451994,0.32160803520214143,2,0.8,1.1999999999999993,1.0655737704918031,0.9828035954431568
0.45161290322580644,0.5013997608311156,0.34208448131282326,0.2514082408403278,0.18486596751188536,0.3465511747230777,0.41758241267426105,0.19390581224545558,0.41758241267426105,3,0.7857142857142857,2.662337662337663,1.1136363636363638,0.9140743764803106
0.2911392405063291,0.24643446561565538,0.14647228543553173,0.0830939942586941,0.05111625643512902,0.2117440418901512,0.23287670748733352,0.044692732643800644,0.23287670748733352,9,0.25,23.333333333333336,2.8421052631578947,0.906338485070676
0.25984251968503935,0.1429657473728333,0.06797577191907807,0.035358017771426595,0.01869849182499681,0.13039022599291206,0.21917807771731207,0.034246570905658295,0.21917807771731207,10,0.4117647058823529,4.663865546218485,1.2958422174840083,0.8532193713747211
0.6428571428571429,0.6283760535852018,0.5133965930871077,0.4328345300900402,0.3573488760353718,0.5946666666666668,0.5943775050408866,0.4405797051671498,0.5943775050408866,4,1.25,4.375,0.72,0.9727994874592323
0.2661290322580645,0.3177570093457944,0.15449618482204247,0.08465546283295226,0.04806227240532441,0.23917845841542779,0.24892703363775362,0.036363631365289945,0.2317596516635047,7,1.5384615384615385,3.3769230769230774,0.7601092896174863,0.9338745350560566
0.5978260869565217,0.5905772152111008,0.4844258122415371,0.4157959451694554,0.3598858704567497,0.5499378427241755,0.6302520958689359,0.4388714684368275,0.621848734524398,0,1.0,4.083333333333334,0.7850877192982456,0.990833482012226
0.5161290322580645,0.5321637426900585,0.4186896196372908,0.33480249827165565,0.2655192852923463,0.5762445716958949,0.5555555505601469,0.32758620189692333,0.5555555505601469,1,1.0769230769230769,1.8296703296703285,1.176190476190476,0.9351127502429067
0.4666666666666667,0.46218487394957986,0.3191196407423626,0.2278816233596245,0.16165016510665708,0.4660819371643568,0.39999999501893496,0.20833332834876553,0.3846153796343195,3,0.7272727272727273,5.693181818181818,1.620049504950495,0.9366402063150311
0.3028169014084507,0.3713355048859935,0.19705956231350172,0.11436022423926054,0.05509485842213223,0.2928623419467726,0.24137930540570757,0.04481792220386249,0.20689654678501793,5,0.5833333333333334,21.440476190476186,1.9564524694636216,0.8487840348012528
0.6,0.63019336656907,0.48028469625267534,0.382717218835863,0.2945536721627636,0.5772736905843173,0.6166007855201613,0.34113711878077435,0.6086956471802403,9,1.75,6.80952380952381,0.5559006211180124,0.948481085390103
0.5,0.48633879781420764,0.3058213398168081,0.2174520457522144,0.1631812898492186,0.4168764364969762,0.41095889911052735,0.17228463919538795,0.40182647901920315,8,1.6153846153846154,3.9010989010989015,0.690766550522648,0.9542778496481408
0.38,0.3386646585279551,0.18919259721215212,0.09809712444834184,0.05193863605646968,0.22390046300528535,0.29457363859864194,0.08641974825788779,0.29457363859864194,2,0.8181818181818182,2.282828282828282,1.2025089605734767,0.9007334744767995
0.3493150684931507,0.3816046133776096,0.24132091153725269,0.160890252579587,0.11523964565924208,0.2881253169865793,0.4164037805431441,0.15962440826555593,0.4100946322781598,14,1.7777777777777777,8.67361111111111,0.46163793103448275,0.9630470177971648
0.7662337662337663,0.695,0.6254244789696612,0.5696733301947453,0.5111630706675273,0.809388456142424,0.8186046461628989,0.6435986109198885,0.8186046461628989,1,1.0625,1.577205882352942,1.1548177553229881,0.9602881320970438
0.35454545454545455,0.544973544973545,0.4724481450942468,0.41662676978719515,0.3632795051031321,0.5788728779185859,0.5714285664337745,0.4235294067666283,0.5714285664337745,5,0.5,20.799999999999997,2.2235294117647055,0.8662268650841344
0.5882352941176471,0.5886075949367089,0.5011878175020626,0.42362277511875496,0.3401066664113829,0.6951210703868672,0.6385542118703731,0.4205128155161079,0.6385542118703731,2,1.1666666666666667,0.5357142857142865,1.0498338870431894,0.9334749157753682
0.631578947368421,0.45982142857142855,0.30797898794355133,0.21108618138651014,0.11936350321601852,0.50102204200048,0.46391752080720594,0.18930040654710512,0.443298964106175,1,0.9,9.38888888888889,1.6057347670250897,0.8872788899975281
0.6125,0.5226130653266332,0.4012568447757836,0.31520386478325896,0.24406923647990988,0.6196022347310981,0.6060606010611164,0.34220531819456695,0.5656565606570759,11,0.21428571428571427,55.047619047619044,5.877637130801687,0.9642194861397527
0.4835164835164835,0.44642857142857145,0.31449852815033236,0.20607004699274084,0.13197179449935992,0.4934362219184278,0.4020618506892337,0.19574467585550034,0.39175257233871824,4,1.4,1.8000000000000007,0.8695652173913043,0.9215322881519342
0.35,0.37142857142857144,0.2311773343513158,0.16508338054777766,0.11687152106081723,0.3438710941697799,0.18487394458018516,0.015037588998814475,0.18487394458018516,5,0.5833333333333334,11.25,2.2857142857142856,0.8993573758557756
0.5803571428571429,0.6333333333333333,0.5172799249632737,0.43148931974482224,0.36111024382037127,0.6400492273276221,0.6666666616796978,0.4231625785298684,0.6606606556736917,1,1.0909090909090908,1.59090909090909,1.0614035087719298,0.9628263954371341
0.2981651376146789,0.387308533916849,0.27026844158984925,0.19794805839631516,0.1447642268751572,0.4588357562658852,0.38320209475575406,0.19329388065621744,0.377952750923733,18,1.7826086956521738,1.984093319194061,0.8488935551607172,0.9124168456709936
0.336283185840708,0.4482758620689655,0.2679585069687728,0.16246346175798107,0.08539040960614279,0.366653456439549,0.41568626951172627,0.12280701254454382,0.4078431322568243,0,1.0,1.5,1.1317073170731706,0.9082440443998437
0.582089552238806,0.7045454545454546,0.5866902188614559,0.4991816563631117,0.420135230757667,0.665658276259978,0.6625766821182583,0.4670050711432915,0.6625766821182583,3,1.2727272727272727,2.116883116883116,0.8166479190101238,0.9887652178909455
0.7903225806451613,0.7423152028107625,0.6350237272308712,0.5412949320120338,0.4479524643296835,0.7375550026886957,0.7826086906616257,0.5991902784107264,0.7717391254442344,4,1.3076923076923077,4.144796380090497,0.6955799268860087,0.9890798638337631
0.25,0.2688679245283019,0.14278686586572834,0.08561538178256727,0.05377381659269351,0.31640103868877456,0.2576687068372916,0.07881772919410837,0.22085889088637142,3,1.3,5.707692307692307,1.5384615384615383,0.8963243261088323
0.3516483516483517,0.39751552795031053,0.26842073213705714,0.1837210219795819,0.10283965883781546,0.3833721368952856,0.4431818131876291,0.16425120273238597,0.42045454046035646,2,0.8571428571428571,4.488095238095237,1.5026666666666666,0.9378324763151238
0.34782608695652173,0.33497536945812806,0.23393097052524345,0.15529036267551596,0.09698748265224502,0.4365846216436127,0.3820224669612423,0.11822659607367342,0.3820224669612423,4,1.25,3.0250000000000004,1.424561403508772,0.8883150678094538
0.29906542056074764,0.41013824884792627,0.2721263298090062,0.20258816307051009,0.15350658054554173,0.39862936783509695,0.4086956472117202,0.1756756706941656,0.4086956472117202,9,1.9,6.078947368421053,0.6526315789473683,0.9300898917448621
0.4552238805970149,0.5042753750042329,0.3999241706390196,0.34816383553471303,0.30838223282718025,0.4700394962757697,0.405405400433026,0.2603550246153847,0.405405400433026,1,0.9,0.4222222222222207,0.9825528007346189,0.9596003301065901
0.4838709677419355,0.3478260869565218,0.21338602774770576,0.1248680836009456,0.02860571835078142,0.3763277693474961,0.34513273836283187,0.11724137431058286,0.3362831808407081,1,1.1111111111111112,6.600000000000001,1.3142857142857143,0.8183202268659384
0.6037735849056604,0.7254901960784313,0.6052574936862545,0.4929240503772662,0.4062381843663999,0.7278101323173898,0.6666666616712582,0.3918918869001096,0.6666666616712582,2,0.8333333333333334,1.6999999999999993,1.2,0.973501051657019
0.3695652173913043,0.3493341187955482,0.2126883894235664,0.13958923431109443,0.08601990721089516,0.2917300392094694,0.3699999951280001,0.15079364597505684,0.35999999512800007,2,0.7777777777777778,2.4603174603174622,0.8762968874700717,0.9631351951446517
0.5405405405405406,0.4264705882352941,0.28623901395379997,0.20075379430404677,0.13233918442011253,0.4388049632770308,0.4545454495480372,0.18584070296616823,0.4545454495480372,1,0.9285714285714286,5.549450549450549,1.5471289274106175,0.8934278719211078
0.44,0.29741379310344834,0.16830069266853703,0.08100770107963484,0.045543312909080244,0.36117291799109985,0.2335025330722256,0.06611569748787688,0.2335025330722256,6,0.5384615384615384,21.681318681318686,2.8916586768935764,0.8610710699030163
0.7875,0.7837837837837838,0.688865560359963,0.5986785765325684,0.5169093419268301,0.8187243478652579,0.7798742088366758,0.6603773534923462,0.7547169761322733,1,0.9583333333333334,0.6431159420289854,1.1110416015014075,0.9795552888156889
0.3902439024390244,0.2764039783015954,0.1762389814626357,0.12388390379850572,0.08578461861123512,0.28335085860670894,0.36269429578995416,0.1445783085730877,0.34196890718891787,2,0.75,6.0,0.76,0.9581241986881861
0.4943820224719101,0.4900990099009901,0.3888120612512358,0.3125644941152119,0.24668926454232518,0.5331724050200843,0.5272727222876034,0.31249999502471926,0.5090909041057852,1,0.9,7.144444444444442,1.4669571532316628,0.9648109228357477
0.39,0.4358814263167165,0.2609751139854399,0.15757071574399012,0.09748325436563625,0.35029846100499923,0.34449760268858315,0.13281249503692646,0.3349282246981526,2,1.1428571428571428,2.241071428571429,0.812125748502994,0.9767323315151826
0.29365079365079366,0.3300644449551235,0.17069585195055717,0.06421616599457912,0.017996643363866735,0.23363891381767715,0.3090128706625652,0.05980065968499282,0.30042917967544075,8,0.6190476190476191,1.8534798534798522,1.172226004084411,0.9447469862490231
0.11734693877551021,0.11540312344580463,0.0602575493296581,0.040450376144378596,0.02791964430024716,0.1017949998168833,0.17610062455104636,0.04177545259671868,0.15723270002274448,14,0.06666666666666667,130.73333333333335,7.4506578947368425,0.9188036017942606
0.40860215053763443,0.32352941176470584,0.2007699739736328,0.13881026684657136,0.09300779661453244,0.4382821209602898,0.43049326871161697,0.11307420007341853,0.39461882924973357,7,0.5333333333333333,28.183333333333334,3.7996688741721854,0.8392458916700335
0.6896551724137931,0.6474820143884892,0.5554704185804861,0.49001853165754333,0.4278108814938144,0.7436674727788235,0.651315784477147,0.5012658177848421,0.6381578897403049,10,1.7142857142857142,5.059523809523808,0.695994277539342,0.9515516879745861
0.2265625,0.10944206008583689,0.05531428836226131,0.0331880553146427,0.016335650114536148,0.2194040045757174,0.1680672235717817,0.03614457523824239,0.1680672235717817,11,1.8461538461538463,11.10897435897436,2.3371913580246915,0.8716723188781772
0.2549019607843137,0.2788399298242296,0.1676037381800181,0.09847575543205614,0.05581205301758372,0.24502957288265337,0.295918362497397,0.09243696999329169,0.2755101992320908,5,0.4444444444444444,12.36111111111111,1.6215083798882681,0.944292603490244
0.5412844036697247,0.6349735553576675,0.4795081623653567,0.3611529291565742,0.26832836295934204,0.5970077318935487,0.5434782558863684,0.275659819099595,0.5434782558863684,2,1.1176470588235294,2.541795665634675,0.8137477313974592,0.9655727394673796
0.19298245614035087,0.3449143430556795,0.17343400968011596,0.1040579148515419,0.05512115427589525,0.22272668522077577,0.3164556912674252,0.0844444396913583,0.30379746341932384,3,1.1666666666666667,2.880952380952383,0.8496894409937887,0.29569684998778606
0.427536231884058,0.5047169811320755,0.33529853793487974,0.24400219487457445,0.1681369182848038,0.46447477764900436,0.4145454495455207,0.18012421860422062,0.3563636313637025,9,1.75,5.988095238095237,0.6276831976313841,0.9737302408508101
0.4823529411764706,0.4853801169590643,0.34629097686840576,0.2495519286108461,0.163210806785016,0.47869343789435725,0.4505494455645454,0.17511520239716297,0.4505494455645454,3,1.3,1.3461538461538467,0.9071618037135278,0.8672008903458068
0.43010752688172044,0.30303030303030304,0.2020970429181442,0.12781547838997187,0.08098937910668302,0.4076337638376384,0.3557692257710799,0.11618256761419418,0.3557692257710799,3,0.75,12.750000000000002,1.9870967741935486,0.7917994895052752
0.4235294117647059,0.26817249636835655,0.14389030408256084,0.07994882019599969,0.0441187169638462,0.1963492957746479,0.36180904043837275,0.08333332868486022,0.3316582866695286,10,0.4444444444444444,4.166666666666666,1.3378378378378377,0.9437090907370066
0.6071428571428571,0.648174725556055,0.5145161771156961,0.41212068290462617,0.3203109649089327,0.6258517132156814,0.6099999950005001,0.3577235722410603,0.6099999950005001,4,1.3333333333333333,3.75,0.7272727272727273,0.9740624632735853
0.6440677966101694,0.7053571428571429,0.589859319377078,0.49979132219157396,0.41379051240291914,0.7422969125600088,0.6305084695777077,0.43820224219164255,0.603389825509911,0,1.0,0.9285714285714288,1.061611374407583,0.9947506647366111
0.26666666666666666,0.3316582914572864,0.1962803177832121,0.13176024329371264,0.09008319598153716,0.3092810854876819,0.36279069272212017,0.11857707012138938,0.35348836714072474,2,0.8461538461538461,7.167832167832167,1.6562099871959026,0.8469002021248798
0.6701030927835051,0.6818696507204329,0.5777760739919662,0.5008061293156161,0.425939004127373,0.6433817894801372,0.572580640182102,0.41025640530900725,0.572580640182102,1,1.1,2.8636363636363633,0.8603104212860311,0.9769766804226452
0.5909090909090909,0.6259541984732825,0.5238862862005977,0.45765816893360745,0.3999896697399027,0.6089447014248044,0.6071428521456917,0.4343434293480257,0.6071428521456917,2,1.2222222222222223,1.8686868686868703,0.8643695014662756,0.9354483772160423
0.5604395604395604,0.5842696629213483,0.4182712074977749,0.28741753856668945,0.17980251480167556,0.6127969251411443,0.5685279137921617,0.24034334267273305,0.548223345264243,2,0.9,3.0388888888888896,1.4436334144363343,0.971833654059143
0.6379310344827587,0.6644295302013423,0.5443341394401586,0.46582336063295576,0.39775412287673684,0.6260099338277859,0.6266666616675556,0.348717943740171,0.5733333283342222,1,0.9166666666666666,1.795454545454545,1.1528046421663443,0.9849438897574134
0.4666666666666667,0.4084161221943516,0.24972430957025976,0.1302240868703269,0.061246291107040315,0.26822223142130414,0.36129031762747144,0.06818181322314085,0.36129031762747144,10,0.47368421052631576,6.438596491228071,1.8155555555555558,0.9708796751290844
0.7835051546391752,0.771251513057843,0.6907259543282686,0.6193421997290346,0.5531782132703446,0.7819415482415322,0.7560975559918038,0.5776173235386882,0.7317073120893649,0,1.0,1.6999999999999993,0.9044943820224719,0.9922037544723423
0.3352601156069364,0.3825503355704698,0.20926930283507267,0.13012526748977174,0.07697484835505652,0.3329447489792359,0.3333333283351825,0.10659897977981936,0.31410255910441326,6,1.2857142857142858,0.5820105820105823,0.9499089253187614,0.910833289357721
0.6756756756756757,0.6626497531757027,0.5803942747365183,0.512532145257504,0.44292397294888436,0.629568612863538,0.7070707020752984,0.4942965729468404,0.7070707020752984,0,1.0,0.41666666666666785,0.9719101123595505,0.9704504625742804
0.639344262295082,0.6902654867256637,0.5266296721899052,0.4107588920707533,0.33279147036596757,0.7918428783574379,0.5891472818244097,0.4078947318421053,0.5581395298864251,0,1.0,1.8000000000000007,1.1894736842105265,0.9663461223656584
0.6133333333333333,0.4,0.2835899864651085,0.2144388073134941,0.15993263414257386,0.5006147129789598,0.505617972530615,0.27230046448896833,0.48314606241825525,14,0.3,24.866666666666667,4.6568627450980395,0.9616841961357958
0.5974025974025974,0.5868038259918902,0.49331212091364424,0.41814715314842943,0.34918935237803234,0.5821495954682206,0.6130653216696549,0.37450198707385596,0.5829145679008106,0,1.0,2.9999999999999982,0.8217821782178218,0.9812205198084754
0.5172413793103449,0.4034475153348947,0.30232690568301557,0.2278299363407771,0.16922817418432096,0.3872588678864758,0.506437763395163,0.24817517773775913,0.48068669043378953,6,0.5714285714285714,1.8928571428571423,1.1157205240174672,0.9882510389177677
0.24107142857142858,0.2923076923076923,0.13995581040449653,0.09141184135387251,0.05772124048489782,0.2581978246126289,0.2536585315864367,0.05490195578623652,0.24390243402546113,5,1.5,2.6999999999999993,0.8280254777070064,0.881800770585006
0.7796610169491526,0.8015873015873016,0.7554668482006068,0.7220928944862706,0.6904982416581571,0.8762058184553785,0.8499999950031252,0.7619047569060217,0.8499999950031252,1,0.9,2.5,1.2173913043478262,0.9921920928517615
0.3655913978494624,0.49295774647887325,0.34772714048613895,0.25267036095831963,0.18529546646727357,0.4054530086525454,0.438596486228455,0.16254416461886168,0.42105262657933207,8,1.7272727272727273,5.880382775119616,0.6559350503919373,0.9040010040033716
0.6181818181818182,0.6928104575163399,0.5846770606256741,0.505829615014452,0.4314534507562091,0.7048777965661394,0.5833333283333335,0.4368931988877369,0.5833333283333335,0,1.0,1.0,1.0774647887323943,0.9759479351716882
0.2079207920792079,0.28859060402684567,0.13964012724481825,0.06604378178590581,0.020646434808367198,0.2052150889510323,0.2162162112280498,0.04694835182613732,0.20540540041723898,3,1.25,1.6500000000000004,0.8575539568345324,0.9034080566897067
0.38961038961038963,0.375,0.21741413836966814,0.15028255494704143,0.10230913637629882,0.3434823289501929,0.2614379034986544,0.06976743686114152,0.2614379034986544,0,1.0,1.1999999999999993,1.111111111111111,0.9165662375601844
0.5211267605633803,0.422360248447205,0.2718695339280605,0.1898624841753895,0.13030864758004676,0.4627423130331283,0.4177215140265984,0.1513513463550038,0.405063286178497,4,0.7333333333333333,6.56969696969697,1.8144252441773103,0.9237355392691492
0.3804347826086957,0.49217248220302073,0.3088260548627865,0.17645144149389472,0.0800606459599156,0.3938091088675276,0.3353293363218474,0.07446808012053,0.3233532884176557,0,1.0,0.1875,0.9769230769230769,0.9697291690034742
0.33557046979865773,0.31370685190104547,0.19311297956051265,0.12643926718898324,0.08432909933189948,0.26982550550931533,0.37377048724837414,0.18421052184819958,0.37377048724837414,3,1.1666666666666667,8.976190476190476,0.5148005148005148,0.9016639188956097
0.47115384615384615,0.5883897944598868,0.38111872888533754,0.2550688560972546,0.17052472493058568,0.4641893262920458,0.4878048730517549,0.20997374829327448,0.452961667476842,1,0.9230769230769231,0.9230769230769234,1.0483870967741935,0.9578328550123634
0.5301204819277109,0.7213930348258707,0.6005801506984187,0.5059617443884045,0.4272492081952982,0.6902461426150603,0.616822424906542,0.3986013936053108,0.5981308361214954,1,1.0714285714285714,0.3857142857142861,0.972020725388601,0.9920129762735267
0.6222222222222222,0.6425339366515838,0.5155340930234573,0.41891362328535614,0.32975559388878023,0.7040156091988755,0.6306306256505154,0.4187725581957279,0.6306306256505154,0,1.0,1.6842105263157894,1.1693121693121693,0.8964602942463322
0.2248062015503876,0.15986817084487878,0.08413025386303029,0.04529696415802423,0.02434661859679955,0.12777243897751295,0.21666666195868067,0.027397255612686095,0.18333332862534732,10,0.23076923076923078,30.51282051282051,2.7787742899850523,0.8782275551936498
0.35658914728682173,0.4025162163586119,0.3103045313714543,0.24684787315761894,0.19393406249805076,0.33649532532973603,0.44961239823327936,0.27760251880982006,0.44186046024878317,3,1.1875,6.601973684210526,0.5824838776783857,0.9798945604842617
0.3111111111111111,0.3291198495664858,0.20320043436354496,0.13146656111791116,0.08556435846615781,0.30163297427573654,0.3727598518112563,0.1583577665431155,0.36559139302989435,1,0.9285714285714286,5.494505494505496,0.7041420118343195,0.9764864255139201
0.6056338028169014,0.6140350877192983,0.46163437388223033,0.3502222708569961,0.25090455966778635,0.6701564353770537,0.5853658486585366,0.3283582039553477,0.5365853608536587,2,0.875,3.4642857142857135,1.3959183673469386,0.9229683186577032
0.6764705882352942,0.6216216216216216,0.5037093515768474,0.41138995859015626,0.34411710280630925,0.6858007434759716,0.6341463364998513,0.3567567517896275,0.5975609706461928,2,0.8,7.1,1.6228070175438596,0.9733652238881646
0.4635416666666667,0.47474747474747475,0.35861188003357425,0.2859951911180326,0.22016505098072767,0.44609474756794437,0.49230768730887575,0.2728904797572273,0.48205127705246553,1,0.9333333333333333,6.75238095238095,1.3135780628040687,0.971197050083361
0.5454545454545454,0.6808119847434889,0.5755903597128288,0.498224676617533,0.42748844791208696,0.5984769630241981,0.6333333283364584,0.43771043272319154,0.6249999950031251,4,0.6923076923076923,6.205128205128206,1.4290780141843973,0.9758791357288209
0.3655913978494624,0.45588235294117646,0.3071164059691631,0.21389170271168043,0.1388496045988579,0.29924838787621794,0.40566037236249564,0.10606060110192861,0.40566037236249564,1,0.875,5.642857142857142,1.2401215805471124,0.8849111199835967
0.6526315789473685,0.5284810126582279,0.3864153950668964,0.30577387124966304,0.24055346195480823,0.5546930421894211,0.627118639069233,0.3142857092915919,0.627118639069233,7,0.5882352941176471,16.482352941176472,2.090272373540856,0.847294740833167
0.5945945945945946,0.6794824136252886,0.5730237347808941,0.4968317683420613,0.42840834408827255,0.6388499966193197,0.6567164129165121,0.4873949530004943,0.6368159154040742,3,1.3,4.538461538461538,0.7163461538461539,0.9825472866819157
0.5217391304347826,0.6328125,0.5041047065026374,0.39186164372181326,0.3029408658174234,0.6577023155463189,0.5939393889483932,0.38541666167534727,0.581818176827181,1,0.9230769230769231,1.8205128205128194,1.2057971014492752,0.982234389197885
0.5172413793103449,0.47023809523809523,0.33977592038933335,0.26934039178492747,0.20972560800172294,0.46348412202070743,0.4056603723602706,0.2334630300195311,0.4056603723602706,2,1.1666666666666667,1.25,0.9056603773584906,0.9701346917891124
0.36423841059602646,0.34226190476190477,0.2167882770626307,0.14631190237443698,0.09705659375956684,0.33232499633332,0.3529411715005416,0.11083122928360713,0.3343653201073527,14,1.9333333333333333,3.4804597701149422,0.7689960329569728,0.9078680434200492
0.45864661654135336,0.5828025477707006,0.44426437047598427,0.33787303092563586,0.24893874402986033,0.6000855368425332,0.5233644809836863,0.3087557553713182,0.4610591850335304,3,1.2142857142857142,0.6722689075630264,0.9648814749780509,0.9467268538985556
0.23333333333333334,0.2632487746020147,0.12693514637809672,0.07078699925316716,0.03618916325330895,0.16532223800332616,0.2009569329392643,0.047619042800454016,0.1818181769584031,2,0.6666666666666666,2.5,1.0806451612903225,0.9576269692146996
0.5657894736842105,0.5047619047619047,0.3710287558429099,0.28025126948200835,0.21529685369704393,0.5824181515256093,0.49261083249193144,0.218623476788015,0.46305418224562606,2,0.8666666666666667,6.087179487179487,1.6046867040244523,0.8942116111205558
0.618421052631579,0.6513157894736842,0.5455466271019184,0.466507922388395,0.38789018094180444,0.749191078559927,0.6024096335571201,0.44086021005434156,0.5903614407860358,1,0.9333333333333333,2.4571428571428573,1.2925170068027212,0.9443791145885144
0.7717391304347826,0.7370242214532872,0.647838211537083,0.5781868502589229,0.5102783925814719,0.811146128273654,0.7874015698034598,0.590062106802014,0.7716535383073968,0,1.0,2.3571428571428577,1.12890625,0.9735951255397451
0.21238938053097345,0.22800152753398012,0.12166953120905888,0.054364439440931514,0.016580288333026213,0.17138555207260134,0.3267326684261348,0.08799999521632026,0.31683167832712483,8,0.38461538461538464,11.938461538461537,1.8255319148936169,0.9267765416729826
0.5689655172413793,0.5294117647058824,0.41508284664490464,0.33972183796638783,0.26887061777112903,0.5883590397987868,0.5862068915543664,0.3486238482110092,0.56321838580724,2,0.8461538461538461,4.06993006993007,1.3574938574938575,0.9745174659938097
0.4,0.30597735348278765,0.19400513389032178,0.13160322887139936,0.0885877482726939,0.2763443090581814,0.2983870918681712,0.11285265970460218,0.2983870918681712,8,2.0,14.0625,0.4693396226415094,0.8801826054910921
0.44680851063829785,0.4476744186046512,0.3154095815513012,0.22656768466087704,0.15599208475003545,0.4528125045764524,0.39316238823398353,0.18518518021262018,0.39316238823398353,0,1.0,0.2142857142857153,1.017751479289941,0.9323133854543447
0.3815789473684211,0.34228187919463093,0.23669329448240153,0.1684937327615413,0.11953369818654991,0.42148288646835386,0.3124999950564453,0.12165449628193081,0.30624999505644535,13,1.7647058823529411,0.5470588235294116,1.0381147540983606,0.8783638361066641
0.5572519083969466,0.6178861788617886,0.4894778016766061,0.39280323018773045,0.31575573859278205,0.6274494659793458,0.5646258453422186,0.3701657408601692,0.5510204031653478,10,1.7142857142857142,5.678571428571429,0.6434977578475336,0.9859169666954742
0.2631578947368421,0.39361702127659576,0.23393909524584916,0.15516665270886346,0.10344591822615339,0.25962338882921593,0.3374485546728988,0.102040811330233,0.3127571966482075,5,0.5833333333333334,11.357142857142858,1.7327188940092166,0.9729325042507883
0.4948453608247423,0.5197942716549905,0.44565180946999977,0.3887261590963811,0.332504216909066,0.5428298006637754,0.6095238046258504,0.4427480866974535,0.6095238046258504,0,1.0,3.7272727272727284,0.7795698924731183,0.9765570276051502
0.6637931034482759,0.6580227064967821,0.5496493401240634,0.4798282666109806,0.41353946966291755,0.6307281501130545,0.5802047731598505,0.3753351156592803,0.5733788345932976,0,1.0,0.6666666666666679,0.9647887323943661,0.9717820893292185
0.17098445595854922,0.29648615446747506,0.17258168476664948,0.10096410841845539,0.0646618029954842,0.24633046642872145,0.2515723222103557,0.09718669597137668,0.23899370585815446,2,1.1666666666666667,6.55952380952381,0.7137662337662337,0.9441320338829937
0.3055555555555556,0.36796536796536794,0.21539645622004808,0.12476471086573217,0.06998704154411273,0.3099561921332256,0.3197025972305524,0.09230768730773992,0.2973977645167978,2,0.8571428571428571,5.25,1.375,0.8717320028668613
0.5,0.6208333333333333,0.5019661482082247,0.41346250895185793,0.3342730332890928,0.624024350748331,0.5791505741631761,0.34441087114064317,0.5405405355531373,4,1.2352941176470589,0.9243697478991599,0.9251700680272109,0.9747606007303664
0.3384615384615385,0.3310810810810811,0.20274337134988982,0.1386581787419449,0.09918849224824339,0.39987312089676874,0.32375978612438566,0.12083332834036478,0.30809398977973806,8,1.4210526315789473,1.5497076023391791,1.1040439733019236,0.8613041868117759
0.6282051282051282,0.43555555555555553,0.33291640592396965,0.24960348203429475,0.18646682638481127,0.6357957211870255,0.4845360774933575,0.2683982634568318,0.4639175207923265,4,0.8,7.2625,2.068014705882353,0.8504543873124668
0.40476190476190477,0.6702864934631263,0.5702102461113767,0.5017946699024132,0.4366220333149681,0.6278376856204451,0.5360824692289298,0.36290322080645165,0.5360824692289298,0,1.0,0.5,0.9705882352941176,0.9948339540204462
0.5,0.646551724137931,0.5611083484592301,0.4912069545556676,0.42901092222821463,0.6422889519645232,0.563758384263772,0.44067796110185453,0.5503355654718257,1,0.8888888888888888,2.166666666666666,1.1756756756756757,0.9526276782657336
0.47761194029850745,0.29694323144104806,0.18044269132051902,0.10708166077037712,0.04746883472237343,0.4846142211825442,0.35384614911242607,0.09395972681951287,0.35384614911242607,1,1.0625,8.033088235294118,2.477349560513861,0.8674556947707159
0.8208955223880597,0.6950354609929078,0.5767357397241628,0.48279185124555285,0.40581131124962033,0.7340129304862425,0.6947368371141275,0.4587155913340628,0.6842105213246538,3,1.3,2.1538461538461533,0.834319526627219,0.9777263652028906
0.33587786259541985,0.3763837638376384,0.23613673497695367,0.14192895316313997,0.08813200677774338,0.33930703088752684,0.36501900645954116,0.15929203046440613,0.3422053182466134,7,1.5384615384615385,0.8346153846153843,0.9419786096256685,0.9418971094457486
0.4,0.45454545454545453,0.30379844191292643,0.19506172915795397,0.11600732598677443,0.3218486045930816,0.3879310294861029,0.17241378810344843,0.37931033983093054,2,1.1111111111111112,0.04444444444444429,0.9955307262569832,0.9622112040532146
0.3522727272727273,0.5460992907801419,0.41428396743509016,0.32551568632083555,0.2602884714117235,0.5296126110190095,0.4606060556062443,0.2937853057422836,0.4606060556062443,1,1.0625,0.7316176470588243,1.0967428293631503,0.9854796285949312
0.2644628099173554,0.21678067507738452,0.09360867785895634,0.03387833791803701,0.010995709395906083,0.14456350429985954,0.264317175977799,0.043165462999586436,0.22026431254167567,12,0.07692307692307693,128.76923076923077,8.473214285714286,0.9474572789867078
0.4319526627218935,0.4527027027027027,0.29052056520834885,0.22317661745751824,0.1752178998171305,0.33631542289598665,0.5558912338189684,0.16742080955426808,0.5498489377464609,5,0.6153846153846154,15.153846153846153,1.6936619718309858,0.7430057864016298
0.4025157232704403,0.39845758354755784,0.2848319684628018,0.20977619802580033,0.15753355071087036,0.42523603999792514,0.43853820098277063,0.2281553348068858,0.43853820098277063,10,1.3571428571428572,0.701127819548871,1.0735265129114921,0.8913234624105878
0.5573770491803278,0.4727272727272727,0.3515253148413387,0.2641710878307626,0.19906589820279194,0.4997859576174158,0.5328467103308647,0.264462804920429,0.49635035996590127,11,1.9166666666666667,6.068840579710146,0.7027506654835847,0.8626994607805419
0.5921052631578947,0.6385542168674698,0.48587195737470296,0.386595915182022,0.30152409044564676,0.5812080333648186,0.5217391254495511,0.2700421890971889,0.5217391254495511,1,0.9166666666666666,1.6742424242424256,1.124788255223038,0.9630246758193817
0.38738738738738737,0.4444444444444444,0.2947923760939276,0.19740231349472676,0.1304539193091619,0.3805935792971445,0.3697478941610763,0.13970587735402265,0.3697478941610763,10,2.0,8.100000000000001,0.5263157894736842,0.9807541436068471
0.5538461538461539,0.7134502923976608,0.6347358323612942,0.5715453783918542,0.518210461995979,0.8129804001647708,0.7472527422551626,0.5610859678516003,0.7252747202771406,9,1.75,3.6904761904761916,0.6881287726358148,0.9575711800288852
0.3670886075949367,0.3150974442176618,0.19180643241345557,0.11519173266647742,0.06608219596066803,0.2639634351988662,0.36144577819131957,0.13270141686035822,0.30120481433589785,7,0.3,23.666666666666664,2.5777777777777775,0.9401655530378207
0.4523809523809524,0.4948453608247423,0.32815629691563797,0.2194642630836036,0.13869134453379697,0.4709268420491087,0.39408866496542017,0.18604650663872377,0.38423644821665176,5,0.6666666666666666,8.399999999999999,1.7636363636363634,0.9740565734335068
0.6436781609195402,0.5104166666666666,0.4135573338871738,0.3419554121707524,0.2822744367614906,0.6281153327063554,0.5728643166081665,0.38297871840651887,0.5728643166081665,3,1.1764705882352942,1.3058823529411754,1.1574468085106382,0.9613198659759881
0.46835443037974683,0.6495726495726496,0.5130194132402127,0.4038500777016461,0.3079539155433836,0.6156245745715587,0.5529411714712804,0.32999999500050003,0.5529411714712804,2,0.8333333333333334,2.033333333333333,1.210344827586207,0.9956924823169858
0.4351851851851852,0.37650602409638556,0.2634128063620432,0.19956784577139594,0.1516696090717139,0.41054279461405485,0.4086021455382125,0.19354838209807507,0.40143368675685054,1,0.9473684210526315,6.1812865497076,1.5040534096328086,0.8496604445082058
0.2857142857142857,0.3284313725490196,0.20900476175808613,0.1474889144583371,0.09750144568723101,0.34381468163925893,0.3671497534570235,0.16799999500512014,0.3671497534570235,4,1.2666666666666666,1.003508771929825,1.10310021629416,0.8491504140714516
0.21348314606741572,0.24943077268126315,0.12088613464645889,0.045379726389952746,0.015079064647833247,0.16957648379217005,0.19607842652825846,0.033333328605556226,0.19607842652825846,3,0.7857142857142857,1.8896103896103895,0.829325513196481,0.9526838135227159
0.5466666666666666,0.6852977713659076,0.5853694751535232,0.5084552928835989,0.4352464526099911,0.6557230458545997,0.6559139735090763,0.45414846662344355,0.6344085971649903,1,1.1,1.3909090909090924,0.9027336300063572,0.9727668632055694
0.4339622641509434,0.5113378282024654,0.3790824685583126,0.2947211578308055,0.23391591649102614,0.43922209852490945,0.47513811662769756,0.2290388498995907,0.46408839287079146,5,1.3125,7.654761904761905,0.6635269492412349,0.9765317778310221
0.5692307692307692,0.6886683388725783,0.6062754184636607,0.549783100775894,0.5017783052286604,0.683771128162892,0.5694444394598767,0.48936169713671346,0.5694444394598767,0,1.0,0.3636363636363633,0.9663865546218487,0.9892189113208988
0.4330708661417323,0.48860580424185285,0.3478801982199286,0.2785381806544479,0.2247939222953701,0.39353042040219866,0.3873239386820571,0.24293784812330438,0.3873239386820571,1,0.9444444444444444,0.37581699346405273,1.0303350039567396,0.9665663627463403
0.2517985611510791,0.3425196850393701,0.1876157014403934,0.11035588790653639,0.07074066752128737,0.2568752100715726,0.3088235244128461,0.0900900850904962,0.2941176420599049,8,1.5714285714285714,3.025974025974026,0.7923351158645277,0.9173490223999469
0.26666666666666666,0.23993982606514455,0.11706505862772952,0.0580335703126263,0.016874163213950993,0.1901760755617722,0.3076923028106509,0.04460966068462344,0.28846153357988175,9,0.3076923076923077,19.346153846153847,2.197619047619048,0.9134369387983333
0.6625,0.5632183908045977,0.42146223503589264,0.3263747136259971,0.25208030109788304,0.6879848922804178,0.49514562607550194,0.26459143468879176,0.48543688821142433,1,1.1,4.127272727272725,1.2105751391465676,0.8723708705158684
0.38524590163934425,0.3402061855670103,0.23975636407204412,0.16901381029942059,0.11497214120507403,0.5001549520580663,0.38016528445290626,0.1799999952275557,0.3636363588330715,11,1.8461538461538463,0.509615384615385,1.0438741721854305,0.8485593977007271
0.2840909090909091,0.27314814814814814,0.18174671682971527,0.13499618929650456,0.09339685832273757,0.36031682371757817,0.27956988757081747,0.1327433579199626,0.26881719939877446,6,1.6666666666666667,1.0666666666666664,1.08,0.8071305092660945
0.6363636363636364,0.6251606958865309,0.5137351698130945,0.42650443012493744,0.35022032861553726,0.6477815178532477,0.599999995067036,0.41592919861657146,0.599999995067036,1,0.9,0.8555555555555561,0.9440813362381989,0.9829467669634318
0.36893203883495146,0.31297709923664124,0.19892666272991835,0.13726372087106034,0.08666545643878613,0.4060692855960071,0.3605150165993111,0.11888111405936741,0.32618025265081324,8,1.7272727272727273,1.062200956937799,1.0834586466165415,0.8801229657878787
0.5882352941176471,0.5227272727272727,0.41422485990019214,0.35194439411031037,0.2977317288207687,0.5397829517890321,0.6031745982060973,0.4099378832313568,0.5555555505870496,1,1.0909090909090908,0.2727272727272734,1.0254237288135595,0.9592370384348007
0.6428571428571429,0.6186046511627907,0.4498303188991521,0.345397471877815,0.26190441565587724,0.6815502862801163,0.6229508146885919,0.37162161662527393,0.5901639294426902,7,1.3888888888888888,1.011111111111111,0.8947976878612717,0.943943144480974
0.7,0.671875,0.5841352627907359,0.5205376067791526,0.463351613342735,0.74088215407867,0.689361697132096,0.5144927486255514,0.6723404205363515,11,2.2222222222222223,9.511111111111111,0.5023255813953488,0.9795783843511512
0.24761904761904763,0.28421052631578947,0.10259783520851541,0.03952565904236182,0.013154345205388274,0.22401752453360232,0.23834196392279,0.032128509065983586,0.2176165753217537,9,1.9,5.699999999999999,0.6369426751592357,0.905310632204066
0.34177215189873417,0.2802317846624521,0.1687204144005694,0.10986341659642103,0.07260501252708491,0.2585880332598855,0.3647798692583363,0.16216215726866343,0.3647798692583363,6,0.4,12.35,1.921641791044776,0.9476485496981429
0.29533678756476683,0.3663663663663664,0.23014915007856168,0.14508512108422655,0.09414515134465787,0.30773057375933127,0.3227665656145305,0.11241217299211886,0.31700287685372364,0,1.0,1.666666666666666,1.176678445229682,0.9272641050323381
0.7156862745098039,0.5252918287937743,0.4391817316159838,0.3700397374872057,0.30883852011395296,0.6466839471379945,0.5795918317367764,0.4072948278279026,0.571428566430654,14,2.75,14.318181818181818,0.44930069930069927,0.9618030976652604
0.6285714285714286,0.6571745818780881,0.5612368340155418,0.4921533834387541,0.42706179021268,0.6311950103316515,0.6184738906004742,0.47422679914975024,0.6024096335723619,2,1.1818181818181819,3.6223776223776234,0.7810650887573964,0.9895329214725451
0.3627450980392157,0.35148514851485146,0.20054848194676556,0.12886200712316528,0.079735903432178,0.2900099068933878,0.2561576304681017,0.08097165492304445,0.24630541371933323,2,1.1666666666666667,0.6785714285714288,1.0493506493506495,0.8392950224227765
0.5,0.4808362369337979,0.37355506079535644,0.2818348092756804,0.2086818525671515,0.5735213875510327,0.5485232017554168,0.27027026527049863,0.5485232017554168,13,1.9285714285714286,3.5132275132275126,0.751589973812196,0.8465128457877967
0.40350877192982454,0.5652173913043478,0.3779644730092272,0.2629524398120907,0.18522659570294717,0.49230589871134367,0.4666666616680556,0.19548871680479407,0.44999999500138893,1,1.1,0.23636363636363633,0.9725158562367865,0.9909471769326632
0.38392857142857145,0.2919319825359896,0.19291086886598283,0.12852777437175378,0.07966956733384058,0.2547679401291569,0.3378995386943559,0.11857707040884895,0.31050227842038325,3,0.6666666666666666,0.7222222222222214,1.0342105263157895,0.9364936248952118
0.6712328767123288,0.5132811957580474,0.41514171902391517,0.3517722358573492,0.29062567931536293,0.4707681206134114,0.6078431322784508,0.3670411935692744,0.5980392107098231,4,0.6923076923076923,1.5555555555555554,1.1111111111111112,0.9818910616387114
0.7272727272727273,0.7180851063829787,0.6349825723753284,0.5655123471705077,0.49403887063555,0.7038695451584889,0.7341772102049173,0.5454545404736529,0.7341772102049173,0,1.0,0.0,1.0,0.9702186087369022
0.5217391304347826,0.5328467153284672,0.40079622342197446,0.3135015185996212,0.24412776010190623,0.5593882427399975,0.4713375746196601,0.2134831410699408,0.4585987211164753,7,0.5,11.071428571428573,2.3025210084033616,0.9777097585342296
0.47058823529411764,0.43119266055045874,0.29902814722538146,0.20556071842928392,0.14008462798573784,0.4677051842808419,0.4919786046578398,0.1943319788352539,0.4919786046578398,2,1.1428571428571428,3.2678571428571423,1.3155172413793104,0.8919595250146284
0.25,0.1918035134373396,0.11632469463072564,0.07526961233045842,0.04691041355007221,0.20946176755253046,0.21739129939928598,0.04705881870657489,0.2028985457760976,4,0.6,0.033333333333333215,0.9977324263038548,0.9616678248771021
0.4111111111111111,0.5851424888547883,0.4285929476255199,0.3357153635788609,0.26292307946533017,0.517838312081398,0.5425531865255773,0.3103448226397147,0.5319148886532369,1,1.0833333333333333,2.384615384615385,0.8165680473372781,0.976116833419506
0.5675675675675675,0.7017543859649122,0.5674340703100289,0.47214076331028165,0.3956144494752465,0.591610196256498,0.618357482922822,0.37599999500032005,0.5893719756764453,4,0.6923076923076923,5.923076923076923,1.4529411764705882,0.9717186303180693
0.40229885057471265,0.5157247373282936,0.4288518794450461,0.3576215799351843,0.2975184159687862,0.4304759956355701,0.5251396598495678,0.35999999509248004,0.5251396598495678,4,1.3076923076923077,5.5610859728506785,0.6134004403900598,0.9888308780887721
0.6704545454545454,0.6345177664974619,0.5276465263113918,0.4586532888134285,0.3947670909528299,0.6889644009652927,0.6180257460804215,0.5122806967593722,0.6180257460804215,11,2.1,7.419047619047619,0.558390022675737,0.9547997317977382
0.3577981651376147,0.4135593220338983,0.3000441952149869,0.21529071271229322,0.15114730769788198,0.4583331713588364,0.42241378814840963,0.2066666616746668,0.42241378814840963,2,1.1,3.209090909090909,1.3146167557932265,0.9258588290124949
0.6078431372549019,0.5266821345707656,0.372031135251478,0.2690312076815948,0.1977827394445139,0.5895666076553394,0.5114754048451493,0.2629107931238291,0.49180327369760823,1,1.0833333333333333,8.153846153846153,1.3261538461538462,0.7805966871100021
0.4049586776859504,0.5330552081884466,0.3673114066274119,0.29164527549244373,0.23734841312375565,0.4462373588625307,0.4609665377874822,0.2463343058866024,0.4386617050737276,1,1.0714285714285714,3.4523809523809508,0.7943262411347518,0.9777989269153066
0.35789473684210527,0.4189103045797558,0.30374680621855593,0.23146226713511273,0.172753835939627,0.35051690065513424,0.40594058910842085,0.2307692258408212,0.3960395990094109,1,1.0909090909090908,3.7196969696969706,0.7458592132505175,0.9899088394370488
0.2564102564102564,0.43243243243243246,0.27118799878642824,0.18528995528770514,0.11363584035349586,0.30721024343893155,0.4074074024264594,0.14285713788265325,0.382716044401768,1,1.1111111111111112,0.4222222222222207,0.9722627737226278,0.8638186618511142
0.3018867924528302,0.27645476937643376,0.16023350390358093,0.09488608050608541,0.0563421920936073,0.2408531701534617,0.33502537580458147,0.09958505732339344,0.2944162387487439,8,0.1111111111111111,111.33333333333333,7.30188679245283,0.8749199639688533
0.46153846153846156,0.5265306122448979,0.3537780604071238,0.23781132043471154,0.15554040013108655,0.5178308063823408,0.43396225915138836,0.18815330510604727,0.4245282968872375,2,1.105263157894737,0.6140350877192979,1.0555555555555556,0.9084197929425196
0.422680412371134,0.34934497816593885,0.17062262896177702,0.08209854107657873,0.038815013218409904,0.36879852435778654,0.3383084527115666,0.05907172496216817,0.3184079551991288,3,0.7,18.414285714285715,2.2877122877122877,0.8806930009550131
0.6111111111111112,0.6612918142731258,0.5068086574850432,0.3975959646560451,0.3206303657467064,0.6171475573603226,0.6060606010944323,0.3161511977921848,0.5974025924364237,1,1.0714285714285714,3.1047619047619044,0.7869281045751634,0.996910237684506
0.575,0.6793893129770993,0.5457894130360781,0.44007002867311645,0.3417378497493156,0.6513667728237792,0.6823529361764706,0.4210526265790619,0.6705882302941176,4,0.7142857142857143,4.171428571428571,1.4671999999999998,0.9912794228472176
0.34831460674157305,0.38686131386861317,0.21990376129929348,0.13172048560368327,0.075257883205112,0.31799866628699214,0.30057802969026703,0.1078431322549022,0.27745664240703,6,0.45454545454545453,15.58181818181818,2.318461538461538,0.9262533572647824
0.3950617283950617,0.4652777777777778,0.31242714768522056,0.21602364131956608,0.13591645157475798,0.41722915609673594,0.4497041370134099,0.19047618547800468,0.3905325393802738,2,1.1818181818181819,0.7412587412587417,0.9372781065088757,0.923180445609527
0.4424778761061947,0.4578700650484761,0.34691750781899167,0.2635103550181997,0.19733666353555862,0.3862653007319533,0.48421052142960913,0.2499999951958551,0.47719297756996,4,1.3333333333333333,11.604166666666668,0.5389072847682119,0.9879323825457641
0.2839506172839506,0.3148724743928135,0.15813751566588807,0.07317873791390496,0.022749731263726734,0.22459450969524242,0.3435582772629757,0.06930692575237757,0.2576687067108285,9,0.18181818181818182,44.04545454545455,4.536496350364963,0.9175770743860118
0.7325581395348837,0.703030303030303,0.6000739052783489,0.5076033245219644,0.4190828282601153,0.750418186581753,0.7455621251986976,0.5420560697702858,0.7100591666188161,2,0.9166666666666666,1.708333333333333,1.2949640287769784,0.9777260466856422
0.5959595959595959,0.768223378257942,0.6627411174569688,0.573676864877218,0.48773779057824884,0.7540041044236585,0.6970954307040168,0.5269841219986899,0.688796675517295,2,0.8666666666666667,1.051282051282051,1.0788461538461538,0.9963191466407081
0.7205882352941176,0.8212290502793296,0.7440682508923928,0.6881284868089687,0.6388583236854433,0.7867178668930142,0.745762706872227,0.6198347057468753,0.7344632718439784,1,1.0714285714285714,0.8523809523809529,0.9333333333333333,0.9915345612938958
0.0,0.00851063829787234,0.0009520248192297457,0.0004955425164298433,0.0003186680537702913,0.01487652484379649,0.024999998300781368,0.0,0.024999998300781368,21,0.045454545454545456,927.7727272727273,76.87732342007435,0.07641232597835464
0.776,0.6146572104018913,0.5370229673298432,0.4729819729754669,0.40753257246935953,0.7776553283010964,0.7395833283355037,0.5239005686178797,0.7343749950021703,21,2.4,10.25,0.5340909090909091,0.9608502615815827
0.35507246376811596,0.3622448979591837,0.21522750051254538,0.13385971345924647,0.07982854970226609,0.3324568102539491,0.3509933725053726,0.10628018826658754,0.3178807897239157,18,2.0,3.5555555555555554,0.7538461538461538,0.8914876782392369
0.2169811320754717,0.13861226750474728,0.0517007211617273,0.01135162171675765,0.005025073212042282,0.10275316466783688,0.17241378823292391,0.036363631563637,0.17241378823292391,12,0.07692307692307693,102.76923076923077,8.221621621621622,0.9264818346428538
0.550561797752809,0.5341614906832298,0.37888771505700475,0.28237458432923074,0.20548511023932936,0.387227568481769,0.4571428521501134,0.21513943724067885,0.4380952331024944,3,1.3,3.7153846153846164,0.7692307692307692,0.9441957068322759
0.5175438596491229,0.5722953924541945,0.41243309885408214,0.32346764719060467,0.2535049854440177,0.49170161363160775,0.5099601543804068,0.2758620640068396,0.5099601543804068,11,1.9166666666666667,9.02536231884058,0.48179737882255047,0.9717314552191147
0.4696969696969697,0.5179856115107914,0.3826058520666646,0.29435299582250024,0.22427192111703506,0.5565008717266863,0.4605263107903394,0.18713449792414774,0.407894731842971,1,0.9090909090909091,3.627272727272727,1.3530973451327433,0.9458748387925471
0.4435483870967742,0.48591982137368966,0.3768915259989046,0.29498780684761766,0.22428527482707553,0.4981926815447075,0.4620689605942925,0.29325512704431517,0.44137930542187875,1,0.9230769230769231,2.397435897435896,0.8608630952380953,0.9936755660546978
0.6363636363636364,0.6523303076299718,0.5503127574563358,0.4810437565431041,0.41891381405430733,0.6572371732277379,0.5913978444623657,0.40358743894709326,0.5913978444623657,1,1.0909090909090908,1.3181818181818183,0.8971631205673759,0.9716122801991354
0.39436619718309857,0.4618055555555556,0.3054939578217263,0.2098219813475115,0.13878254322298672,0.45468090520879884,0.4789643963062809,0.18829516039831934,0.47249190439689576,2,1.1,0.9909090909090921,1.081893313298272,0.9436366027142857
0.4105263157894737,0.41013824884792627,0.2890444262062043,0.20774540577863204,0.14137574659670293,0.47766483623476264,0.4394618784371293,0.21453286701596017,0.4394618784371293,0,1.0,5.416666666666666,1.4276315789473684,0.9447552239651795
0.6060606060606061,0.7115384615384616,0.6275061776487176,0.5570949354686635,0.48536702810242754,0.7256562212083061,0.7133757911834152,0.49397589861445784,0.7133757911834152,0,1.0,0.5,1.0505050505050506,0.9940897709187707
0.6610169491525424,0.6808510638297872,0.555355483159239,0.4603722866332733,0.378573474309282,0.6711753927555749,0.6407766940295976,0.44270832833455404,0.608414234482672,1,1.0666666666666667,0.08750000000000036,1.0059931506849316,0.9914247346667442
0.45454545454545453,0.5,0.3190139675694856,0.21874192996638728,0.15845001336066095,0.40968857098057954,0.3945578181313342,0.12429378031089426,0.38095237595446346,2,0.8,3.1500000000000004,1.2837837837837838,0.9460178084841886
0.43529411764705883,0.4733812885750473,0.33797146389916766,0.26208625505231997,0.20295412343927444,0.39964889899939215,0.41624364986884493,0.247011947209092,0.41624364986884493,3,1.2727272727272727,4.376623376623378,0.7099827882960412,0.9770991652837325
0.5862068965517241,0.47572815533980584,0.30845685446746224,0.2239033293781075,0.15868757808803519,0.4672722831407683,0.42396312864320757,0.19230768731035514,0.3963133590579541,1,1.1,1.0272727272727273,1.0580380071905495,0.9286718454977515
0.3898305084745763,0.3473719398132976,0.222718457812574,0.1490070571206937,0.09773191792495461,0.26753137383451703,0.4154929528893077,0.16085790398982255,0.3661971782414204,5,0.6153846153846154,3.1826923076923066,1.1402542372881355,0.9558798991934473
0.6044776119402985,0.5294117647058824,0.3875542304759618,0.2975185126210786,0.2299652959202004,0.5122288818716536,0.5123456740125363,0.2857142807149285,0.4999999950001906,6,1.4615384615384615,4.6720647773279325,0.8008628127696291,0.9454607931941873
0.5352112676056338,0.559322033898305,0.4317877695883727,0.3507102756088318,0.28035078618314196,0.5494137083468653,0.5316455646274636,0.2906976694246891,0.5063291089312612,1,1.1,0.8272727272727263,1.08356290174472,0.9898343158935565
0.4823529411764706,0.5582417582417583,0.42514972346247254,0.3487879979285053,0.28444887570487304,0.437412405693981,0.5187713261866768,0.3008849509332172,0.5051194490535709,16,1.8,9.86111111111111,0.5617283950617284,0.8787127002588508
0.4157303370786517,0.4729064039408867,0.2903107804012585,0.20643098619312641,0.14654828436850564,0.4089547017382791,0.4694835630840442,0.2158273331297553,0.4507042203610395,10,1.6666666666666667,3.2133333333333347,0.716470588235294,0.9208341116289964
0.2109375,0.15551896586336517,0.07313942487035575,0.035477235999951444,0.011244889170281144,0.131045644634291,0.21929824100800255,0.04982205947239819,0.20175438135887977,14,0.06666666666666667,118.06666666666666,8.90625,0.9051966986122982
0.2641509433962264,0.2969744819824214,0.16903401984466646,0.091983883324359,0.05226330960887632,0.24289372230853326,0.30188678751691,0.08602150040467135,0.23584905166785344,15,0.0625,154.75,13.63265306122449,0.9197837304481158
0.28695652173913044,0.15726728967999223,0.08992633432258666,0.0611207690115553,0.04222881197551732,0.15950358382644078,0.26050419733352165,0.04320987225213425,0.22689075195537045,11,0.15384615384615385,46.96153846153846,2.913793103448276,0.9441176205186703
0.5833333333333334,0.7446808510638298,0.6636284004282464,0.5935606248470141,0.518692281449374,0.7682721602286139,0.6515151465162994,0.516556286390948,0.6515151465162994,0,1.0,0.09999999999999964,1.010752688172043,0.9981773916631201
0.5970149253731343,0.6347305389221557,0.4946871622552057,0.39370263181980775,0.31436870844499504,0.6738348789313402,0.6073298379485212,0.31858406582817766,0.5759162253830762,1,1.0909090909090908,1.0984848484848477,1.0856973995271868,0.9920160841408817
0.3511450381679389,0.20967521855816473,0.10839457259444704,0.05865258634427114,0.015028824161191074,0.1975445665917075,0.320895517691301,0.10752687709634082,0.31343283112413683,9,0.4375,6.839285714285715,1.344115004492363,0.9342375170638917
0.432,0.4156378600823045,0.29596131967643663,0.2200450466099932,0.15880812898907898,0.3720315581854044,0.4192439812911988,0.22408963086567968,0.4192439812911988,15,2.25,9.583333333333332,0.484304932735426,0.9305406708282375
0.4956521739130435,0.5542919734430523,0.4177552618489215,0.31371369015128314,0.2363709900870573,0.48405877561633087,0.5475285121629633,0.27722771784683425,0.532319386687678,4,1.3076923076923077,4.51131221719457,0.6976955730745906,0.9723857012559887
0.5194805194805194,0.5746268656716418,0.4785254911901502,0.40406806039161197,0.3293020797696287,0.6018648838845883,0.5714285664441959,0.40609136557396486,0.5590062061957487,3,1.2727272727272727,0.7922077922077921,0.9235588972431078,0.9860562809000005
0.43884892086330934,0.48146450500264804,0.284181175254302,0.17799477619603948,0.12064510610533452,0.3621688830576164,0.4374999950696857,0.2144772069049588,0.4027777728474634,2,1.1,2.881818181818181,0.7730851825340015,0.9583937128051601
0.5742574257425742,0.6215297801364239,0.4795331770262042,0.39005233646010573,0.319108486274279,0.582552606446027,0.6166007855157869,0.35913312194883495,0.6007905088359451,6,1.6,8.337499999999999,0.6010765550239234,0.9592590297654499
0.3968253968253968,0.3745819397993311,0.218553156591916,0.12712409025988142,0.07908600278995047,0.3772308298133607,0.4393939343942264,0.16513760967932006,0.4318181768184688,8,1.6153846153846154,2.531135531135533,0.8490607252075141,0.8718592585737841
0.35398230088495575,0.3911290322580645,0.2639598593835984,0.1926088023201922,0.14736986547275338,0.3643881523269869,0.34854771286720276,0.13770491304832053,0.3402489576804808,1,1.1,4.3454545454545475,1.2387612387612388,0.9363771640217858
0.40425531914893614,0.520618556701031,0.336593567905961,0.23845142136619965,0.16899359275958906,0.4333271245170849,0.433460071046278,0.20529800824591043,0.42585550830863544,8,1.7272727272727273,7.153110047846889,0.5880407825847341,0.9534861042582379
0.5585585585585585,0.6569131822643066,0.5393236326094284,0.45177922557142214,0.3804530590688949,0.5836363636363637,0.6026490016540942,0.4182305580251422,0.5960264850978029,1,1.0909090909090908,3.8939393939393945,0.8207810320781032,0.9925870955707187
0.5972222222222222,0.5956284153005464,0.4786312276050025,0.40218590995653153,0.3306549095023879,0.6738842416419403,0.6012269889073735,0.43137254405853526,0.5889570502570666,3,0.75,8.333333333333332,1.6944444444444444,0.8090768503949247
0.559322033898305,0.5017543859649123,0.3640131311832479,0.2777071828064571,0.204628263498813,0.456540641257777,0.5071770285643644,0.24221452788927347,0.4976076505739337,3,1.25,0.6666666666666679,1.0363636363636364,0.9314484801668904
0.19285714285714287,0.17969345973084136,0.08609382584160104,0.037130393321221096,0.011107192645495938,0.15833319385415268,0.30651340535282806,0.057971009938416654,0.26819922910761734,19,0.05,141.7,11.654135338345863,0.8832489164419479
0.36423841059602646,0.3771271839749446,0.2523868591341445,0.18010339459460614,0.12317982355237674,0.31120322744611023,0.29268292183078587,0.12426035005479519,0.29268292183078587,20,3.0,14.866666666666667,0.3242424242424243,0.9670299374749384
0.5454545454545454,0.5284090909090909,0.42207742257712705,0.3425359317515744,0.2738281702320055,0.6532625624772108,0.5744680801154368,0.4184100368410918,0.5744680801154368,7,1.5384615384615385,2.3538461538461526,0.7889655172413794,0.9023884157428362
0.4725274725274725,0.686046511627907,0.5485413319151597,0.440171910314102,0.3542686569672484,0.6770666744206333,0.6190476140480726,0.4124513568714136,0.5999999950004536,0,1.0,0.29999999999999893,1.0361445783132528,0.989562610865437
0.3055555555555556,0.4286072099086483,0.2934262274437071,0.21664685339060477,0.1590651902010499,0.32481105308278135,0.3286384926844321,0.15686274015409474,0.3286384926844321,9,2.0,10.0,0.47058823529411764,0.931869265346912
0.40298507462686567,0.4127659574468085,0.29698123535890436,0.22301590786315506,0.16179528108711502,0.34116254785938044,0.407272722275967,0.2144927486235666,0.39999999500323974,3,1.3,2.9230769230769234,0.8608058608058607,0.9732214248428285
0.4787234042553192,0.576271186440678,0.4613322304050278,0.3776514359580217,0.30287727972450795,0.5808186227735369,0.599999995001653,0.34782608195847464,0.599999995001653,11,1.7333333333333334,3.5256410256410264,0.6588089330024813,0.9661223902478864
0.2708333333333333,0.3345323741007194,0.22521838348758053,0.1545991933737342,0.10615241397575831,0.3537294826792147,0.3546099241273076,0.14367815595190928,0.3333333283826267,17,2.5454545454545454,7.980519480519481,0.5543872371283539,0.9227266019554574
0.2808219178082192,0.3134567136646925,0.17519414070571215,0.10383419474472741,0.0548287918455441,0.2810958696777201,0.26399999511552,0.08253967760141123,0.23999999511552011,1,1.1111111111111112,5.988888888888891,0.7686695278969956,0.9168468715440038
0.1504424778761062,0.14692889319801777,0.07553427260364272,0.044281837221605544,0.02325224594079639,0.13242287932517394,0.22772276766150387,0.05533596391757445,0.2079207874634841,10,0.375,5.0,1.3703703703703705,0.929963427870238
0.5,0.5156231142825008,0.38163842964366207,0.27849277261597316,0.18441257698123933,0.4391879049676026,0.48062015003906017,0.2112676006377704,0.46511627407006795,2,0.8,1.8249999999999993,1.1962365591397848,0.9729309986110749
0.34951456310679613,0.5251396648044693,0.36436249480305655,0.2619094859868654,0.17694052396109008,0.5348407146649493,0.3794871745094018,0.16260162102154818,0.3794871745094018,0,1.0,2.4999999999999982,1.1623376623376622,0.9729348462008527
0.3258426966292135,0.423728813559322,0.2596370585204756,0.15969063686662519,0.09700665149356126,0.3519227828746177,0.35897435398080213,0.13168723779911617,0.3487179437243919,2,1.1333333333333333,0.38823529411764746,0.9640522875816994,0.9148838710619763
0.5104166666666666,0.625518142975961,0.48893011174346157,0.3936168293472368,0.3092140743034778,0.6106639727442549,0.6190476140480726,0.3873517736599541,0.6095238045242631,0,1.0,0.9000000000000004,0.898876404494382,0.9690783477980819
0.3119266055045872,0.3809964644291656,0.2345456994859694,0.16555966463095914,0.11404639723748244,0.31895440687361415,0.31999999502854326,0.11510790869494354,0.2933333283618766,9,0.3076923076923077,29.826923076923077,3.1422651933701657,0.9214558960847983
0.5517241379310345,0.46153846153846156,0.3447478875578058,0.2749105143352932,0.21563883138678833,0.5601339020382659,0.5742574207430645,0.3090128705365729,0.5742574207430645,3,1.3,2.5,1.1612903225806452,0.7929760378794871
0.4957983193277311,0.3573818617604643,0.25733892733139646,0.19134162710558417,0.1413686130594434,0.36235574322783287,0.42537312961349966,0.22012578144911207,0.4104477564791713,7,0.5333333333333333,3.041666666666668,1.1862244897959184,0.9463142669827888
0.5280898876404494,0.6494845360824743,0.5188606633899517,0.43689324017941517,0.3634918575883,0.6207327185829673,0.5797101399285866,0.4124513568804979,0.5797101399285866,8,1.5333333333333334,3.765217391304347,0.6913756236635781,0.9294582638166861
0.38461538461538464,0.39473684210526316,0.2544507738721651,0.17196840123495052,0.08474059946192403,0.41267612653190494,0.35616437857008826,0.15261043677682634,0.35616437857008826,2,0.8333333333333334,6.916666666666666,1.5724137931034483,0.9183896906428307
0.7909090909090909,0.8059071729957806,0.7345393267884778,0.6743835023557136,0.6129664487325777,0.7924380049306357,0.8134328308208956,0.7022471860112361,0.8134328308208956,3,1.2,2.4333333333333336,0.844017094017094,0.9902027428246978
0.362962962962963,0.39748953974895396,0.258466563918217,0.17803632369384317,0.1160774862109812,0.3546365174791862,0.3521126710603055,0.17045454045858097,0.338028164018052,16,2.6,11.807692307692308,0.4377289377289377,0.9147695804666796
0.65,0.5979351604163714,0.5083746219528967,0.4364294935131896,0.3597617797796639,0.5910310963548127,0.7076923026970415,0.5157232654641827,0.7076923026970415,2,0.8,0.05000000000000071,1.003787878787879,0.9860660727735777
0.5576923076923077,0.5307692307692308,0.4254850961950121,0.34454546095014355,0.26983016049526576,0.6963211036366916,0.4651162741566012,0.24999999507812506,0.449612398187609,2,0.8,7.050000000000001,1.7663043478260871,0.9567323006807592
0.5833333333333334,0.5378973162820438,0.4133826838658657,0.3190224871742488,0.24080295151042622,0.48499259009921397,0.528735627216277,0.3040379998129102,0.5229885007794954,3,1.1764705882352942,4.188235294117648,0.7475177304964539,0.9770713326127153
0.4878048780487805,0.5540540540540541,0.37845060114970325,0.25899881274288006,0.16844616409811566,0.4774665609286567,0.4733727760666644,0.1970443299813149,0.4615384565400371,2,0.875,2.008928571428571,1.2346193952033369,0.9573056291384734
0.4927536231884058,0.46629213483146065,0.3518773728448852,0.27362845287535287,0.2121610350085893,0.5657795285627594,0.5068493100835055,0.2727272677330837,0.47945204980953277,2,0.8181818181818182,8.232323232323234,1.7130358705161857,0.9039680899258377
0.23300970873786409,0.3197076933300426,0.17758498100098066,0.09574665960899113,0.06006303498759001,0.19997555955749935,0.2842105213296399,0.09338520906296865,0.2631578897506926,2,0.8571428571428571,1.095238095238095,0.9184397163120568,0.9573069544647909
0.5783132530120482,0.639344262295082,0.5029188806044013,0.39837685073722223,0.3098955288272757,0.6049683565109614,0.5943396176419544,0.36296295796323735,0.5849056553778036,1,0.9375,1.3874999999999993,1.1283236994219652,0.9817951482420286
0.3939393939393939,0.332,0.20976176963403037,0.1313107070321605,0.0644360368231996,0.4032576877462148,0.39999999504295064,0.1461538412204144,0.39999999504295064,2,1.1666666666666667,5.857142857142858,1.4880952380952381,0.8573669207463713
0.4489795918367347,0.4171867019281208,0.2700119324703024,0.15924180660816392,0.0907693355090771,0.31900253839126963,0.3913043429001891,0.09621992639104429,0.3652173863784499,4,1.3636363636363635,8.012121212121214,0.6100294985250737,0.9464322130379638
0.512987012987013,0.45382585751978893,0.27935432327654613,0.18898149284060234,0.1285481464179744,0.3879893845950152,0.4634146291506246,0.17196261182538228,0.4634146291506246,16,2.230769230769231,10.700265251989391,0.5498270282334561,0.8573230222623037
0.49107142857142855,0.476,0.3212925701952204,0.21870318395507918,0.15694186458136772,0.40868957368611036,0.47727272227990136,0.20060789773597817,0.47727272227990136,5,1.263157894736842,0.47807017543859764,0.9561191626409017,0.930038867211994
0.3492063492063492,0.3107084779979213,0.20937639577545117,0.1153694240005967,0.03562872767777797,0.268991230339404,0.2586206846789537,0.0799999950924803,0.2586206846789537,6,0.45454545454545453,7.236363636363636,1.865217391304348,0.9421077690806479
0.5053763440860215,0.5242290748898678,0.3730628105161789,0.29255476859643237,0.22547703067755356,0.5569037977790049,0.4978540722540478,0.277777772778019,0.4978540722540478,8,1.6153846153846154,2.728937728937728,0.798430735930736,0.9026205643618247
0.27218934911242604,0.3724832214765101,0.19397053339595194,0.12077600033599596,0.07274745213264841,0.3146626501893642,0.2944785226141368,0.10218977602429563,0.2883435532889834,2,0.875,5.723214285714285,1.367756741250717,0.9105161102697127
0.46,0.46236559139784944,0.3201096876816313,0.23037731127292238,0.13993450534015692,0.4292591394318679,0.38532109595951525,0.17424241925648543,0.36697247210630424,10,1.9090909090909092,6.233766233766234,0.5869191049913941,0.9184996129409673
0.36585365853658536,0.541331092129354,0.403977932496263,0.3354344330240741,0.2857901064169229,0.5094149055755396,0.4745762662134125,0.30392156366637835,0.4745762662134125,1,1.0833333333333333,1.666666666666666,0.8571428571428572,0.9758206472841751
0.640625,0.5606060606060606,0.46717364484142354,0.40672953932275124,0.35417057521359085,0.5648884959229787,0.5270270221183346,0.35294117158754335,0.5270270221183346,1,0.9,3.5666666666666664,1.3213213213213213,0.9448877000716275
0.5490196078431373,0.6306818181818182,0.4764928693542586,0.3952265036306099,0.33196005975413,0.5810532441795452,0.5338983000904914,0.3428571378612245,0.5254237238193049,0,1.0,0.05263157894736814,1.0057142857142858,0.9866451326176171
0.5227272727272727,0.5343511450381679,0.3899802003495938,0.28548426233586244,0.2094632947934302,0.5158901425148753,0.4891304297849717,0.21649484036135627,0.4565217341327978,1,1.0769230769230769,0.18131868131868067,0.9809907834101383,0.9914509739614766
0.4716981132075472,0.44063728515882117,0.3099793953878248,0.21903734530359192,0.1441305208472775,0.38996824262545376,0.33009708262795745,0.1983471027662046,0.33009708262795745,3,0.7,1.3571428571428577,1.142857142857143,0.9320301026932605
0.4696969696969697,0.44642857142857145,0.3613820899344255,0.31339360056123006,0.2738256787985436,0.5656810279940311,0.41085270819752423,0.19867549170650425,0.4031007702130281,2,1.2,3.6000000000000014,1.1475409836065575,0.8902435902104123
0.5645161290322581,0.6542056074766355,0.5139448932069247,0.3974466114674937,0.30774651384694335,0.6380722492068941,0.5655172363802616,0.3383685750604687,0.5655172363802616,0,1.0,1.2727272727272698,1.0699999999999998,0.9866227648965562
0.4772727272727273,0.5716221307430154,0.43755456133425336,0.3705742940348445,0.30747462612891086,0.5061358095841184,0.44791666167154953,0.24896265060863287,0.44791666167154953,3,0.75,4.111111111111111,1.2740740740740741,0.9868249075429054
0.2230769230769231,0.264026402640264,0.12191149820118383,0.06849398751343756,0.04458134913254288,0.29039950364047273,0.2551440280506021,0.07792207304351523,0.246913575375705,6,1.6,2.7375000000000007,1.1689814814814816,0.8214844103317115
0.3695652173913043,0.41245136186770426,0.2780910468716937,0.19700392316002416,0.1389276462179744,0.3535793272028868,0.3739130384782609,0.1527777727864585,0.3739130384782609,1,1.1111111111111112,1.6999999999999993,1.0708333333333333,0.8415648293793551
0.4019607843137255,0.3870967741935484,0.21997067253202995,0.14203189319193085,0.08429069647581466,0.38425540090689475,0.3999999950066116,0.12403100276666086,0.39090908591570245,1,1.0625,1.827205882352942,1.167058823529412,0.7627577694856029
0.32967032967032966,0.3697127317294945,0.24505504497400382,0.13196851992405376,0.07194169555331978,0.3157255693396636,0.3646408792100363,0.10731706841165993,0.34254143169622414,0,1.0,2.75,0.7215189873417721,0.9728992562019393
0.375,0.38132295719844356,0.22504322974246146,0.15580349496659396,0.10891999883813706,0.3651693254967814,0.39461882908564416,0.15946843354488377,0.39461882908564416,8,1.7272727272727273,3.9282296650717683,0.7749451754385966,0.8976689000365986
0.3900709219858156,0.4166666666666667,0.2535915646704869,0.16630755490080565,0.09967051264867204,0.32134781157044856,0.3749999950001954,0.1785714235750161,0.36249999500019536,7,1.5384615384615385,6.092307692307694,0.7191489361702127,0.9686967200223209
0.5072463768115942,0.484472049689441,0.38518770128002705,0.3202364653386471,0.26880399529178384,0.5778279822571528,0.48837208805638177,0.3235294067954634,0.47674418107963773,1,1.1,3.036363636363637,1.261755485893417,0.8857462970604943
0.3707865168539326,0.35403726708074534,0.23044650151849083,0.17023838065033187,0.12404407146311047,0.5341145195780425,0.32298136147525186,0.1325966801013402,0.32298136147525186,8,1.7272727272727273,3.4354066985645932,0.7115307352350342,0.8553515019388649
0.549618320610687,0.5951417004048583,0.4587776616468029,0.389795993529902,0.33118708966448646,0.6070488021295476,0.5442176820769123,0.3676880172860236,0.5374149609884771,17,2.2142857142857144,7.960829493087558,0.5002169824967453,0.9836137538904901
0.40540540540540543,0.5174418604651163,0.37308830917211605,0.27711991781915524,0.21301939468986747,0.5655270825977982,0.5212765907588276,0.2557077575696921,0.48936169714180633,2,1.1538461538461537,0.6205128205128201,1.057210401891253,0.8589029837948334
0.4945054945054945,0.39631336405529954,0.27090840465726485,0.18629365819797847,0.11906683715645537,0.5019182479647898,0.43269230270894976,0.21513943724893267,0.4230769180935652,8,1.8,2.7444444444444454,0.8145645645645645,0.875423824934246
0.56,0.5172022810414917,0.365301501943758,0.27320645180613734,0.20914326749345752,0.4514027452891745,0.6623376573789846,0.38222221727446914,0.6623376573789846,0,1.0,4.384615384615383,0.7840909090909092,0.7389589350592956
0.2543859649122807,0.1797436542882372,0.08168240820703718,0.04079750344353176,0.013085545506966154,0.1630582103939705,0.20202019729007253,0.04477611463716914,0.18181817708805237,18,0.05263157894736842,138.21052631578948,13.809756097560976,0.8690079486791974
0.32142857142857145,0.3184492081514582,0.14902161242056072,0.08845207827373924,0.04883533011858849,0.25245439431873984,0.3058103925984532,0.06711408907206419,0.26911314489203125,3,1.2307692307692308,8.923076923076923,0.655786350148368,0.9179792140230764
0.0,0.10843373493975902,0.025635408152593447,0.007743478309704072,0.0039596997403080455,0.07904559845632178,0.0,0.0,0.0,7,0.3,42.53333333333333,4.322916666666667,0.10347038843950929
0.49,0.38186813186813184,0.23612465184600412,0.15753213526342277,0.09513537389577958,0.35780915059711527,0.30877192485170823,0.11707316574360521,0.30877192485170823,2,1.1538461538461537,2.805128205128206,1.130704898446834,0.8869602672147934
0.5258620689655172,0.5853658536585366,0.36578396548737,0.2459409466011258,0.1692928642488911,0.5076568241381068,0.5179856065118266,0.22349569700774222,0.5107913619075102,5,1.25,1.5099999999999998,0.8669603524229075,0.9482198489119317
0.515625,0.539568345323741,0.41003215541033,0.3124724605598176,0.2387369902291001,0.6272002616748193,0.5467625849490193,0.3240223414038264,0.5467625849490193,1,0.9090909090909091,4.172727272727274,1.4289719626168225,0.986449191111351
0.4578313253012048,0.5579710144927537,0.38819183624120734,0.2587098107678532,0.18244773317205057,0.47989992507170404,0.4640883927975337,0.18433179224362392,0.43093922152681546,0,1.0,0.3000000000000007,1.0222222222222224,0.9660235277042523
0.7037037037037037,0.7837035914378838,0.718259909421884,0.6621787309520575,0.6045535450350117,0.7464928110549292,0.723004689835791,0.606060601060893,0.723004689835791,0,1.0,0.5,0.9753086419753086,0.9910662324555894
0.5234899328859061,0.5570934256055363,0.41491847793209774,0.3319980784853011,0.2635715680123093,0.5613639823606038,0.4844720446925273,0.29573934337121005,0.4658385043198565,23,3.875,21.17741935483871,0.30565838180856686,0.9640738710618556
0.4396551724137931,0.4423865361493536,0.320385963926734,0.2541374153751386,0.2065547113793975,0.3871755836154129,0.4015443967090533,0.21406727346145585,0.3938223889870456,4,0.8181818181818182,0.7777777777777786,1.067632850241546,0.9080168664920333
0.5138888888888888,0.4879032258064516,0.3870669044628667,0.3284919862103657,0.27643242585994204,0.6336764882094106,0.608108103130935,0.3849557472186546,0.5810810761039081,1,1.0476190476190477,6.11688311688312,1.372332015810277,0.945139628856103
0.691358024691358,0.7294685990338164,0.6409124165356197,0.5618879409913382,0.48169072728160073,0.7600845069580782,0.705314004664753,0.4765624950012208,0.6956521689159607,9,1.6428571428571428,4.071428571428571,0.6885245901639344,0.9829746294776348
0.312,0.38061836921994996,0.23283919374616885,0.16497556360593332,0.11430976532321332,0.3304428007759405,0.34999999502812507,0.11267605140150785,0.32499999502812504,0,1.0,5.5,0.7777777777777778,0.9905589186792368
0.42168674698795183,0.5520492638922175,0.40314888086983336,0.3139888537721323,0.2337895787544733,0.45675033692188555,0.49214659185877585,0.27350426851340504,0.4397905709163674,1,0.9090909090909091,0.209090909090909,0.984967320261438,0.9846851239907918
0.3838383838383838,0.48255813953488375,0.31873372471469325,0.21556286250458176,0.13573689509354414,0.4504471884420565,0.3695652124125709,0.14222221722311132,0.35869564719517955,6,1.6666666666666667,6.311111111111112,0.645,0.949918348666316
0.32954545454545453,0.3313953488372093,0.22197866358409796,0.15195219720020142,0.1016811911720262,0.373349971507396,0.3839285664385364,0.1508196671505511,0.374999995009965,2,1.1538461538461537,5.856410256410257,1.342942942942943,0.67841823764528
0.3894736842105263,0.41810344827586204,0.3155129792348984,0.2555569842530568,0.21035736593767582,0.4469227272727273,0.4195121901277811,0.24193547887096786,0.4195121901277811,6,1.5454545454545454,2.8983957219251355,0.8248222365869424,0.9337287439856501
0.29213483146067415,0.1823088249302476,0.10308358212808065,0.05901052804872984,0.030595468601389657,0.18554602297513453,0.24864864391877292,0.05833332868888926,0.20540540067552968,14,0.06666666666666667,107.93333333333334,9.260204081632653,0.8954668338384977
0.16551724137931034,0.17934249390798487,0.0772401629755523,0.031528738530458414,0.01083051979425288,0.12688309841277604,0.1810344780098099,0.03571428100918429,0.15517240904429266,10,0.3333333333333333,15.666666666666666,2.175,0.9231280010108459
0.41935483870967744,0.43577981651376146,0.32002858917654686,0.22830980582431734,0.138739030754878,0.46190559409129567,0.41237112902061857,0.1893939343939395,0.40206185067010314,4,1.2666666666666666,0.14035087719298112,1.0123839009287925,0.9073800002708039
0.3945578231292517,0.4411764705882353,0.31410144388617117,0.25922984000274124,0.21313486459162825,0.40828663500834367,0.35460992409033754,0.1786743466152864,0.3475177255087773,4,1.3076923076923077,3.6153846153846168,0.7947598253275109,0.9474535911080878
0.36496350364963503,0.3608562691131499,0.21816875589475912,0.1505501047074504,0.10862426825919783,0.34147311934591695,0.3922829532316664,0.13759213262500847,0.3858520850644638,3,0.8421052631578947,6.648026315789474,1.4821087786259544,0.8314922099781603
0.25384615384615383,0.28830804122236914,0.18645958544775731,0.13788292561439544,0.10317440141316267,0.2676868427311159,0.31092436496857573,0.14736841623884286,0.31092436496857573,3,0.7,0.18571428571428328,0.991114149008886,0.9595963754677146
0.5604395604395604,0.6215487810679888,0.4933336957025321,0.39210764414559585,0.311149661699877,0.6009285357369828,0.6255924120707083,0.3658536535527795,0.6255924120707083,2,1.2,3.4499999999999993,0.7994186046511629,0.9716239425458711
0.32727272727272727,0.21623196197424754,0.09963711794609256,0.01857261469197772,0.0076108080843752075,0.17137289070595937,0.22340425054549579,0.05263157416897551,0.19148935692847455,11,0.26666666666666666,18.5,2.6818181818181817,0.9196185463625116
0.5,0.5491525423728814,0.4321881292196663,0.3461466533620077,0.27569015594477675,0.5028648924882327,0.4968553409246074,0.30123456292028655,0.4968553409246074,2,1.1176470588235294,0.6501547987616085,0.9598086124401914,0.9333200240326767
0.582089552238806,0.6563799892822106,0.5601545892214523,0.48113442002185414,0.40839292543264516,0.6499508561140506,0.7151515101531681,0.502415453942916,0.7151515101531681,1,1.1111111111111112,3.1111111111111107,0.7941176470588236,0.9700341435811839
0.448,0.3774193548387097,0.2568205218771472,0.18033294963393773,0.1262315558237031,0.40249774789915965,0.3767123237861232,0.15555555057422854,0.3561643785806437,0,1.0,5.0,1.3478260869565217,0.8075576235216774
0.5081967213114754,0.36384439359267734,0.2042676540585246,0.12253783662053275,0.07264365551333768,0.40216211380439554,0.35016834516886036,0.12953367375647687,0.35016834516886036,7,1.4375,2.0625,1.121771217712177,0.7509591853412937
0.48484848484848486,0.6411764705882353,0.5153407153586544,0.4270118097068985,0.3472470730059291,0.6412751659174021,0.6424242374552801,0.3982300835053646,0.630303025334068,8,1.6666666666666667,3.75,0.6938775510204082,0.9681417962293711
0.6,0.5235962149310875,0.37604348071978433,0.27541694208215955,0.19498240735216785,0.42084087294752864,0.4516128982426639,0.16748767977286527,0.4516128982426639,1,1.0833333333333333,2.0,0.8461538461538461,0.9153487275638252
0.5,0.5383350421435126,0.38451003858102717,0.2978559737203286,0.22445331187212159,0.4011643468950749,0.49710982159109895,0.2181818131822315,0.49710982159109895,0,1.0,0.2631578947368425,0.9786324786324786,0.9150217191030332
0.19811320754716982,0.16345865835615916,0.05371630481524155,0.026650660193391396,0.010057659996969255,0.10730682190350022,0.10169491033866408,0.0,0.10169491033866408,10,0.09090909090909091,112.0,8.466666666666667,0.9019962378970992
0.030555555555555555,0.11297071129707115,0.05960317182082568,0.03671617266065595,0.020837943527935884,0.07690864192158739,0.06779660518969083,0.023703698707666348,0.06779660518969083,16,1.6153846153846154,6.619047619047619,0.6322751322751323,0.6631866738238936
0.6,0.7048192771084337,0.5429020231964508,0.4088125906365287,0.30423426211228394,0.6480934854327748,0.7386363586421746,0.4398340199004838,0.7386363586421746,1,0.9411764705882353,1.0220588235294112,1.1092767295597483,0.9682463278544916
0.3142857142857143,0.2867811649842859,0.15953666776683048,0.09462574729307267,0.04346772263412883,0.22962454596017542,0.22834645180482374,0.07741934997939677,0.22047243605679223,7,1.7,11.764705882352942,0.4652406417112299,0.9745861130148964
0.39097744360902253,0.4262948207171315,0.2770073423739589,0.17674478349502376,0.11401647512217727,0.36098420499629275,0.36298931886627583,0.14985590279032315,0.3487544434214359,2,1.1428571428571428,0.6875,1.0458333333333334,0.9495435495210599
0.5616438356164384,0.6342857142857142,0.4978772674053464,0.41338537753807103,0.3463805086704986,0.6803477204835423,0.6292134781517487,0.4245282968939124,0.6179775230955689,3,0.75,7.527777777777777,1.6317016317016317,0.9582315158898745
0.5272727272727272,0.529809201044396,0.43987672010484513,0.3698615425002483,0.3092801160570346,0.48771630976708286,0.5692307643266273,0.37168141105141794,0.5307692258650889,7,0.631578947368421,2.6008771929824555,1.1953227931488801,0.9789689691546881
0.3484848484848485,0.36250000000000004,0.21584927401061393,0.13828866540743642,0.0828616817682858,0.37111838737949177,0.34265733765954326,0.11290322082726349,0.3286713236735293,11,1.8461538461538463,3.435897435897436,0.7951070336391437,0.9170883975454952
0.525,0.4583333333333333,0.33613166486368257,0.25463007055729764,0.19637860999407764,0.5282176881936694,0.4891304298204159,0.23636363137396701,0.47826086460302464,5,1.4545454545454546,0.954545454545455,1.0760869565217392,0.8855037656450344
0.4943820224719101,0.5881990731063624,0.4040177678048196,0.28908473053440353,0.20005020856255806,0.5265653397372516,0.48401825984529095,0.2081784336673071,0.46575341966264255,3,1.3,4.376923076923077,0.73147711184521,0.9900664711161737
0.4864864864864865,0.5457531585714356,0.38243474571105174,0.25848001136452314,0.17573203058233003,0.4488815787094698,0.4590163884606886,0.19534883225700395,0.4590163884606886,0,1.0,0.9375,0.8943661971830986,0.9805850020615786
0.5692307692307692,0.5882352941176471,0.43285544287054767,0.3216709969814092,0.23209169599029342,0.6473657441015869,0.5714285664288028,0.306010923961898,0.5578231242519323,4,1.4444444444444444,2.2051282051282044,0.8259109311740891,0.9161960065309475
0.28368794326241137,0.19336685135522372,0.12222804923163087,0.07931460778639009,0.051172127759922616,0.1831173390516201,0.289855067823199,0.05494505045284422,0.2681159373884164,15,0.16666666666666666,37.44444444444444,3.3566433566433567,0.9594801762456782
0.6185567010309279,0.7277310673658305,0.6197090365946065,0.5424070394927437,0.47444481163780106,0.7113266376069144,0.7279411714838344,0.46961325468377035,0.7205882303073637,1,0.9230769230769231,0.6538461538461533,1.0366379310344827,0.979976454578276
0.3816793893129771,0.36678200692041524,0.19546472585663613,0.10861858547042004,0.053800999157324635,0.3796666258096284,0.3146067365888146,0.07999999500231983,0.3146067365888146,4,0.6666666666666666,19.958333333333332,2.234536082474227,0.8584350412028506
0.4069767441860465,0.5206611570247934,0.36674805007171474,0.26601850834853735,0.19271578464293926,0.5121868179952818,0.4567901184689834,0.20212765457446819,0.43209876044429213,1,0.9375,0.9416666666666664,1.1321637426900584,0.9883622723731723
0.2980132450331126,0.26232653495930663,0.10140027811847802,0.016040993520302235,0.006034308311354332,0.1539645881447267,0.17164178624777246,0.018404903261697168,0.16417909968060831,5,0.75,0.34999999999999964,0.9737827715355806,0.9228164617398217
0.5979381443298969,0.6003918632894714,0.510611843075724,0.44857083542791704,0.39204121559981897,0.5642374351555265,0.5925925875928669,0.4806201500387931,0.5777777727780523,10,1.9090909090909092,12.03030303030303,0.5062189054726368,0.9788878448426508
0.4791666666666667,0.6256410256410256,0.5079333610163962,0.4148390572528131,0.33308824004339294,0.6357534666621238,0.6280991685591831,0.36363635863914123,0.6198347057492658,0,1.0,1.5454545454545432,1.095505617977528,0.9856235125604708
0.589041095890411,0.5625,0.4104610345325914,0.3035937976711544,0.21080552887043028,0.6066045097694521,0.6270270220341856,0.3485477128444759,0.6270270220341856,4,1.4,1.442857142857143,0.9114811568799299,0.9033937347384371
0.5540540540540541,0.6190476190476191,0.4958244421373606,0.40331602225996854,0.32230793442265165,0.5922600742730093,0.6363636313656771,0.4135338295867489,0.6363636313656771,0,1.0,0.6666666666666661,1.0606060606060606,0.9236691244672419
0.5151515151515151,0.5984848484848485,0.46828640619118544,0.3694261693211815,0.29510699796954787,0.6563600677750501,0.574850294401377,0.3431372499019608,0.574850294401377,2,1.2,1.0999999999999996,0.9090909090909092,0.9734093038073302
0.49019607843137253,0.5801886792452831,0.4541235553494279,0.3572420901119352,0.27738837457809584,0.5441061265999692,0.4769230719470414,0.2567567517795837,0.4769230719470414,4,1.3636363636363635,4.775757575757577,0.7474358974358973,0.9693989132891452
0.5445544554455446,0.526829268292683,0.35933942263543994,0.23686419542839238,0.14490140279666083,0.4709215698675364,0.47517729998063485,0.20178041043242445,0.47517729998063485,2,1.1538461538461537,2.0256410256410255,0.8709150326797386,0.9749517662836105
0.2625,0.3109243697478992,0.1645444465601247,0.0903798472342302,0.05277270262236754,0.2801590896137533,0.24999999500091316,0.09326424370479772,0.24999999500091316,13,1.7647058823529411,3.629411764705882,0.7662878787878789,0.8719327619624165
0.25806451612903225,0.31528032310638154,0.20022305925475978,0.1294668738338694,0.06037968429468664,0.24733595380848494,0.29885056976615143,0.09523809034013632,0.275862064019025,6,0.5,7.499999999999998,1.5844155844155843,0.9550319498542449
0.2978723404255319,0.5396825396825397,0.33885995967785976,0.22189820140970265,0.14078559806120902,0.4721299705596869,0.38999999500450006,0.1478599171790642,0.36999999500450004,5,1.4166666666666667,2.965686274509805,0.7894187260703097,0.9832283160433424
0.5873015873015873,0.5808823529411765,0.46844897741850655,0.3892557046995764,0.32217664232608717,0.6124901879405504,0.5866666616702223,0.40437157971154714,0.5866666616702223,3,0.7,7.528571428571427,1.6326530612244896,0.9467626209922047
0.22033898305084745,0.31466586845659555,0.24277643952334324,0.19510632601186675,0.15302870089836662,0.30194635388791363,0.3659574418955184,0.19543973456270106,0.3659574418955184,4,1.4444444444444444,11.581196581196581,0.5152057245080501,0.8843958826418309
0.35,0.2591545003648089,0.15669112026114498,0.1049930936031702,0.06479273018961902,0.23828586978606603,0.3070175389843029,0.06918238508128668,0.29824560915974146,0,1.0,10.230769230769232,0.5869565217391304,0.9772085498477152
0.5540540540540541,0.5562913907284768,0.40395396760895896,0.30095203251837505,0.21485826529459937,0.4639386293873375,0.5081081031152667,0.25892856643016593,0.4756756706828342,3,1.2727272727272727,2.3051948051948052,0.8239087301587301,0.9656993407353242
0.509090909090909,0.5483549592873707,0.4494099926291955,0.3658043548606381,0.2839310748257799,0.4887747875354107,0.5093167651880715,0.3131313081318233,0.4968944049396243,2,0.8461538461538461,1.2587412587412583,1.115236875800256,0.9529857269542119
0.30158730158730157,0.423841059602649,0.25492932838809695,0.18142072864954276,0.12313217634404851,0.4162708923828564,0.4189189139517897,0.16393442126310145,0.3918918869247626,2,0.8461538461538461,5.496503496503497,1.6677994902293969,0.9626721174259113
0.4948453608247423,0.5527797114572182,0.3935357908457896,0.2657651660632118,0.1677686887356851,0.40056511704884035,0.5462555016429584,0.24161073329917582,0.528634356268509,8,1.5333333333333334,4.9971014492753625,0.6396321070234113,0.9199479650750901
0.5,0.5490196078431373,0.39703815098942163,0.3195723356253331,0.2628982134766666,0.6012547787498851,0.5072463718115943,0.299319722891388,0.5072463718115943,0,1.0,1.299999999999999,1.146067415730337,0.9718991358421467
0.6126126126126126,0.6363636363636364,0.46405537412288766,0.35555573095802073,0.2703372649019535,0.6255007947352481,0.6028368744348876,0.35751294836908376,0.5815602786902068,1,0.9230769230769231,4.615384615384617,1.265486725663717,0.9613184314759319
0.74,0.7076923076923077,0.6188936433606572,0.5333384316977925,0.44808409470760924,0.7677313584685985,0.7448275812185493,0.5463917475794453,0.7448275812185493,6,1.5454545454545454,3.8930481283422456,0.746606334841629,0.9815201622776142
0.39655172413793105,0.494949494949495,0.27524094128159016,0.17924963648478812,0.10330653242020436,0.43872045656343833,0.44628098673587874,0.16666666166666683,0.3801652842565399,2,0.8,3.7750000000000004,1.4389534883720931,0.9861043552348328
0.6915887850467289,0.7520618391333583,0.657026213018229,0.5829453934704977,0.5085859503640748,0.7053073973844399,0.676470583237727,0.5173501527371156,0.676470583237727,1,1.1,2.4545454545454533,0.8831168831168832,0.9922460928632114
0.41,0.43646319167690534,0.3467026213324455,0.2817650033928497,0.22615624085009328,0.3801012430040592,0.4493392020702906,0.2200647200448258,0.4493392020702906,7,1.5384615384615385,11.28846153846154,0.4758928571428571,0.9515849335132267
0.6,0.6174496644295302,0.491908037280651,0.4040917520337672,0.3205113207696922,0.5849884694553612,0.6262626212626263,0.38596490728108657,0.6161616111616162,2,0.8666666666666667,2.1282051282051277,1.2280219780219779,0.9765343789917733
0.4605263157894737,0.5151797999699766,0.3541501047861149,0.2473863528904804,0.13951955713304562,0.42428039092852876,0.49214659191908117,0.20920501596680743,0.4607329793536362,2,1.2,4.1,0.7371794871794872,0.9845308687613162
0.3422459893048128,0.5761589403973509,0.4173578639869594,0.30682819905149045,0.2197108484882773,0.4765514114676333,0.46567163681461354,0.23234623646369634,0.45970148756088214,3,1.1304347826086956,1.5150501672240804,0.8846153846153846,0.9471341587163599
0.5161290322580645,0.6269430051813472,0.4607019968256073,0.34883722273718515,0.25963818226592583,0.5843827160493826,0.5185185135186032,0.2535211217627952,0.5020576081688091,2,1.2,1.2166666666666686,0.9296724470134874,0.9901123885888617
0.40217391304347827,0.35887096774193544,0.22550423814403583,0.1549250576005484,0.10659207438065402,0.371499274106866,0.3348416239675682,0.1337792592145504,0.3348416239675682,14,2.1666666666666665,6.294871794871796,0.6024291497975708,0.8705053794838784
0.66,0.5934959349593496,0.4126320724839943,0.3026502825414741,0.2054710941006887,0.6523288453118158,0.4961240260152635,0.28947367921398903,0.46511627407727907,1,1.1,1.881818181818181,1.2023460410557183,0.9150111482141535
0.640625,0.6942675159235668,0.5581489905094595,0.45248664318341236,0.3581002327833661,0.723706233858691,0.49999999500779096,0.23595505118040663,0.48684210027094876,5,0.7368421052631579,2.951127819548871,1.357142857142857,0.9804223909345862
0.5662650602409639,0.6361346776348524,0.5087132712635436,0.41580768264301565,0.3272533163970891,0.5848301894841856,0.5352112626304306,0.33070865644243297,0.5070422485459235,0,1.0,0.6666666666666661,0.9523809523809524,0.96967536785431
0.2892561983471074,0.19667502974149648,0.1055435724802478,0.05548785467950024,0.016617477974107682,0.1768412017167382,0.23188405332399833,0.03937007411990879,0.2125603818264138,7,0.36363636363636365,14.204545454545453,1.809585492227979,0.9097353434972747
0.79,0.8016528925619835,0.7363401181913865,0.6823339176106601,0.6274962686529999,0.8034093831300243,0.7835820845533528,0.6793478210875472,0.7835820845533528,2,1.1818181818181819,2.5664335664335667,0.8788379002971277,0.9874235589902228
0.3106796116504854,0.2857142857142857,0.1595952799353105,0.09069798754015088,0.04825016003998126,0.36094386024423336,0.33027522442892016,0.10038609545773045,0.3211009125023147,12,2.0,0.4583333333333339,0.9592592592592593,0.8072802495524223
0.6276595744680851,0.6121622293826242,0.4880557899623649,0.4097240815762147,0.34647683838514953,0.5450836557328326,0.5898617461547284,0.3802816851609304,0.5806451562929772,0,1.0,2.454545454545455,0.8663366336633663,0.9865826705862902
0.5074626865671642,0.5564516129032258,0.4091306436289696,0.32858700563541665,0.255359795123938,0.48267198953780494,0.5194805144813629,0.3118279519898255,0.5064935014943499,1,0.9,1.9777777777777779,1.167608286252354,0.957286669753083
0.3229166666666667,0.3130841121495327,0.21687810112012162,0.15858411151196622,0.10576452233976409,0.3931103584266875,0.3251231477153049,0.16309012375545706,0.305418714217768,2,1.1333333333333333,1.5882352941176467,1.1443850267379678,0.8237566897870683
0.808695652173913,0.7746031746031746,0.6971206143453971,0.6315579314204818,0.5661175949871153,0.8318202500893177,0.7840531511462345,0.6448362670418568,0.7375415232392579,4,1.25,1.5,0.9130434782608695,0.9832264626694174
0.6972477064220184,0.782608695652174,0.6873216621012871,0.6120226045119432,0.5428962752743538,0.770537648337512,0.7114093909740554,0.5107526831721877,0.7114093909740554,1,1.0526315789473684,0.568421052631578,0.9604395604395605,0.9969524494407744
0.47191011235955055,0.33653846153846156,0.17575552257636365,0.09882200405349924,0.054430776670657086,0.2964216331390612,0.3768115892291536,0.11450381182302917,0.357487917731569,4,1.4,0.34285714285714164,0.9774436090225564,0.8780163185854899
0.27611940298507465,0.40375586854460094,0.2581817353844709,0.1631018684842478,0.10407848718137035,0.3168035506885682,0.35658914228952593,0.13375795679337923,0.34108526632053365,14,2.272727272727273,9.207272727272727,0.4806153846153846,0.9251465275375831
0.3591549295774648,0.20639456722865415,0.1458156096739301,0.10140933072129572,0.0679624476720509,0.22169537491116728,0.3975535124596695,0.18860510391421997,0.3975535124596695,11,0.45,0.5666666666666664,0.975254730713246,0.9604638341862057
0.25517241379310346,0.3409090909090909,0.18850596296991426,0.10750446207887097,0.06247010382299698,0.26762427021091956,0.30100333955011693,0.09374999506564696,0.2943143763394146,8,1.5714285714285714,4.642857142857142,0.7509578544061303,0.8731763796410266
0.6610169491525424,0.6916380054376358,0.6029048530408235,0.5327272738875847,0.4685979845127852,0.6715314816185951,0.6624203771706763,0.48351647853822005,0.6242038166611222,1,1.1,1.5181818181818176,0.8702408702408703,0.9562929267084388
0.6041666666666666,0.4470588235294118,0.21885876647707203,0.08535175089975443,0.02896402991618037,0.4258751406442324,0.319999995018,0.03669724271021026,0.29999999501800007,3,1.2142857142857142,0.2857142857142856,0.9459459459459459,0.9596577872508013
0.4452054794520548,0.34915254237288135,0.24367946995391432,0.181466447336801,0.134818220628825,0.39356893674830795,0.3566433516436012,0.1883656459714092,0.3566433516436012,8,1.8,5.911111111111111,0.7349277528649726,0.8134098611425155
0.5384615384615384,0.49981063407367904,0.3606770462049488,0.2658974604984715,0.1889222471808981,0.45468616534237905,0.4444444394839507,0.25925925427469143,0.4444444394839507,3,0.625,5.15,1.5567567567567568,0.9830674530904024
0.3333333333333333,0.35359116022099446,0.22160749843817787,0.142772392637561,0.08246207922243196,0.40847755696362437,0.30952380454152495,0.11707316575181462,0.30952380454152495,3,0.75,10.277777777777777,2.0451977401129944,0.8694964529212538
0.37373737373737376,0.34913793103448276,0.23647944043851246,0.16955950467703185,0.11917749842210888,0.4655346983715536,0.41747572321236687,0.16470587738685136,0.37864077175605615,5,0.5,31.599999999999998,3.135135135135135,0.8825862797098676
0.23809523809523808,0.23172622039349666,0.11209481370177922,0.06064070661419605,0.018331781206541893,0.15391897214412803,0.21463414154146354,0.047244089666749825,0.20487804398048792,9,0.5,7.777777777777779,1.7608695652173914,0.8601206805881495
0.686046511627907,0.5425219941348973,0.4246278139779082,0.3260633978499272,0.23916010844528618,0.6221545864122944,0.5747126386841064,0.31176470088512115,0.559386968186022,1,0.9523809523809523,5.8119047619047635,1.5171610169491527,0.8362197733327277
0.5849056603773585,0.7475296308788291,0.6340139685065832,0.5246176966920291,0.4252625779458038,0.7703347802916422,0.6821705376383631,0.4768211870637253,0.6821705376383631,1,0.9,0.9666666666666668,1.090342679127726,0.9787259400994925
0.6336633663366337,0.5642458100558659,0.3859873744269342,0.28685148977782243,0.21319941209181137,0.516232903054418,0.5020576081688091,0.27874563959936394,0.5020576081688091,6,1.6,5.912500000000001,0.6542397660818713,0.9932964287074727
0.29473684210526313,0.39227973323724774,0.23322548840955634,0.14758276877654633,0.0961759206603509,0.27356646403401,0.24999999505229864,0.07766989798048858,0.2386363586886623,6,0.4,19.5,2.3448275862068964,0.9507984147266495
0.4155844155844156,0.41977526218886213,0.3169840585693618,0.2301657979765098,0.15495963142354519,0.42506317914847197,0.4459459410043828,0.2346368665771981,0.4459459410043828,2,0.8,1.4000000000000004,0.8992805755395683,0.966202962520467
0.3865546218487395,0.3769968051118211,0.2554397131195234,0.1835530383214068,0.12528210276781734,0.4203312571078754,0.36595744182888185,0.13592232511599187,0.3574468035310095,11,1.9166666666666667,3.3079710144927557,0.804454915399443,0.8951209725929828
0.7901234567901234,0.7358490566037735,0.640187457619439,0.5482834018403432,0.467395899806944,0.830003198722141,0.7453416099085683,0.617511515745928,0.7453416099085683,0,1.0,0.833333333333333,1.143884892086331,0.976020009817083
0.5217391304347826,0.5952380952380952,0.46628564020417956,0.37788049465801665,0.29848878106328375,0.5501112455138705,0.46938775010256145,0.26086956021746954,0.46938775010256145,0,1.0,0.3000000000000007,1.0181818181818183,0.9764959932403439
0.44871794871794873,0.39111111111111113,0.2507132682112035,0.16467457100011293,0.09878466140377683,0.3795918367346938,0.4505494455518657,0.16867469381848693,0.43956043456285476,5,1.5,2.1000000000000014,0.8771929824561403,0.7732638020709803
0.3068181818181818,0.3674461400297672,0.19204049635071355,0.10701179230393004,0.06517742206123821,0.2729034395788158,0.30409356235833257,0.08510637807435519,0.29239765592558403,2,0.8333333333333334,0.9666666666666668,1.0892307692307692,0.9411730384594059
0.39622641509433965,0.4269389325376517,0.24806930192769952,0.16387163915235714,0.10718706166755729,0.31237235372134653,0.33257402701418115,0.09333332844088915,0.3234624097021083,4,1.2352941176470589,5.224089635854341,0.8004280363830926,0.8329091144322442
0.3707865168539326,0.485664751918744,0.33257648416887015,0.24700843597879896,0.18431484509705603,0.37970404392890916,0.41095889912220357,0.1499999950255104,0.40182647903087926,5,1.5555555555555556,9.214285714285714,0.6160714285714286,0.8889774402785157
0.4861111111111111,0.28575128812999506,0.22492469357584774,0.18076740265505817,0.1448352022025232,0.30547822639911903,0.531073441609212,0.32369941726471174,0.514124289066839,12,0.42857142857142855,3.8888888888888893,1.1535087719298245,0.9845900011438676
0.33121019108280253,0.36,0.21026299321513872,0.1286180701684329,0.07967162029818202,0.28815718309859156,0.3418803368982395,0.121212116283155,0.32478631980422246,13,1.6842105263157894,5.921052631578949,0.6785714285714285,0.8225555985639645
0.5256410256410257,0.6120218579234973,0.4300600659925267,0.3299767420263758,0.25527141638471534,0.5301482484374734,0.5591397799468147,0.27642275923293014,0.5376344036027286,1,1.0769230769230769,0.5439560439560438,0.9600484261501211,0.9220175049837525
0.6125,0.647887323943662,0.5162430071906828,0.4344439704591568,0.3624382445564353,0.6964142833361335,0.5957446758510638,0.40178570928611296,0.5851063779787234,0,1.0,1.0,1.0757575757575757,0.9737892763192872
0.6865671641791045,0.6840452220123602,0.5934529485654114,0.5259543824276793,0.4649239322653064,0.6792786339160654,0.6666666616715496,0.5203251982639303,0.6458333283382163,1,0.9166666666666666,0.4090909090909083,1.0303030303030303,0.9752209732499223
0.45161290322580644,0.5486725663716814,0.41995123430095743,0.3355249743574222,0.26114666437407674,0.45786167658619525,0.48888888388916324,0.3151515101516989,0.48888888388916324,5,0.7058823529411765,2.8284313725490193,1.4293154761904763,0.9351251306693491
0.21666666666666667,0.1427037979195985,0.08055302948134685,0.047331474737263755,0.024876319152927876,0.15245083047562083,0.1596244086402611,0.023529407346713632,0.15023473727875875,4,0.6363636363636364,3.0,0.8421052631578947,0.9451292219503267
0.625,0.6742304503075013,0.5382206385877353,0.4460849206372742,0.3692029328037397,0.6002938034188035,0.670454540455191,0.43809523309931975,0.6363636313642821,1,1.1,1.4454545454545453,0.8879492600422834,0.9723999076853064
0.5760869565217391,0.5489376286375317,0.4101103496956329,0.32047148960666555,0.2476283899062572,0.4394370462765144,0.5024154539750053,0.2679245233395515,0.46376811097983617,2,1.1,4.040909090909091,0.7974481658692185,0.9847733956172069
0.5512820512820513,0.6300884415617239,0.5200728245345333,0.44396455084323305,0.3785656183525903,0.5901690019018259,0.5494505444602102,0.3999999950222222,0.5494505444602102,1,1.0833333333333333,1.467948717948719,0.8878000979911808,0.9719607251740617
0.5833333333333334,0.518918918918919,0.4281515485562791,0.35693150752496844,0.29435521380832713,0.6619229130899781,0.5828571379291431,0.3849765208613811,0.5828571379291431,2,0.8,10.525,1.8353174603174605,0.9260202014418477
0.5714285714285714,0.6724678965710352,0.5446806901022352,0.46506307892981624,0.3959628023607942,0.5947934999006877,0.626728105600034,0.4247104197104993,0.626728105600034,1,0.9333333333333333,0.6714285714285708,1.0588972431077694,0.985324759159637
0.5535714285714286,0.6302521008403361,0.5063336211778278,0.4027339767502843,0.3059756847761882,0.6808016856032483,0.6571428521428573,0.42774565974138806,0.6571428521428573,0,1.0,1.0909090909090917,1.1121495327102804,0.949337136689434
0.4322033898305085,0.4675925925925926,0.3230986921327308,0.23045938393358342,0.1568087300287531,0.4010658156899987,0.38842974709377776,0.18120804873541743,0.3801652842838605,4,0.6363636363636364,12.948051948051948,1.722987672226251,0.926815878687879
0.631578947368421,0.7101807138486335,0.611025526436927,0.534884356495269,0.46959569736678836,0.6914442156529365,0.6113537067927767,0.4290909040962645,0.6026200823386283,1,1.1,1.781818181818183,0.8987603305785123,0.9833510750016171
0.23148148148148148,0.30557118726857907,0.19729610463906555,0.14164285170556265,0.10051301461733331,0.2749175025542649,0.3069306882109598,0.12295081484983893,0.3069306882109598,1,1.0909090909090908,5.204545454545453,0.6837016574585636,0.9424612415756912
0.373134328358209,0.5536573182924235,0.38359521718032186,0.24983827765768438,0.14315514623166642,0.5065029286601593,0.44755244255856036,0.19767441362155233,0.4335664285725464,0,1.0,0.5999999999999996,0.9454545454545454,0.9863191759469627
0.49333333333333335,0.6031554042209328,0.45551304516858027,0.3641855609535369,0.2954568088313891,0.5659253375694995,0.5454545404546886,0.32407406907578884,0.5347593532889131,1,0.9090909090909091,1.045454545454545,1.0912698412698412,0.967134656943085
0.6206896551724138,0.61,0.3875577441170872,0.26660742095205864,0.18965756697217054,0.5131545093823969,0.5541125491126478,0.2620689605174793,0.5281385231386219,1,1.0714285714285714,0.4761904761904763,1.037037037037037,0.9518409975172313
0.3783783783783784,0.45963380342947685,0.29944041784712,0.19177626928036143,0.11766895994985686,0.35861700241561956,0.4166666616753472,0.15757575259797996,0.4027777727864584,4,0.6,5.199999999999999,1.4814814814814814,0.9881404056835611
0.3333333333333333,0.33755274261603374,0.20012153927018556,0.1259102604944072,0.07523833159598838,0.32010840236655275,0.27004218912496225,0.09491524926262594,0.26160337055956134,5,1.4545454545454546,3.09659090909091,0.8270939086294415,0.8648193782614576
0.31092436974789917,0.3818034008684534,0.2724913043710729,0.18251314424721096,0.11444771219519402,0.36835167503533917,0.35245901149052683,0.1319444395141302,0.3278688475561005,6,0.3333333333333333,33.44444444444444,2.482758620689655,0.9662199165734555
0.5555555555555556,0.6511627906976745,0.5272397710205394,0.42881457330521366,0.3417629289921017,0.6796003993570846,0.5989304762835655,0.4115226287449407,0.5989304762835655,2,1.2,1.166666666666666,0.924731182795699,0.9680827854289825
0.0,3.31150851469219e-07,9.707719828813576e-08,3.12989615885017e-08,1.7026177816049815e-08,0.013449899125756557,0.02702702553688832,0.0,0.020270268780131596,17,0.10526315789473684,9.394736842105264,0.6371951219512195,0.5290745403643077
0.34513274336283184,0.22171057415754672,0.08839398816123623,0.046569815463869166,0.027234608419227566,0.13902403614628484,0.21495326611363447,0.039525686748426624,0.17757008854354106,12,0.2,38.666666666666664,4.411764705882352,0.899303598869029
0.3157894736842105,0.3753280839895013,0.21545801854792088,0.1352250359743045,0.0837740429955156,0.24408511288277068,0.2596153796713203,0.08394160088104086,0.24519230274824344,20,2.8181818181818183,21.346041055718473,0.3653879686137751,0.9108538193067824
0.392,0.4365482233502538,0.3021899419354338,0.2242041089557903,0.16987743349536008,0.39826839826839827,0.36363635864865795,0.15593219840275796,0.35537189583874057,6,0.5,16.833333333333336,2.0520833333333335,0.9473195911110212
0.4246575342465753,0.580952380952381,0.49010352498371734,0.44150284485869423,0.39640625873741436,0.5964711946896014,0.4186046461703023,0.2916666616705247,0.4186046461703023,1,0.9285714285714286,0.6483516483516478,1.0872781065088757,0.9794289891627079
0.29591836734693877,0.250996015936255,0.1519593151673679,0.07940618900724064,0.020794257035403586,0.3091382904794996,0.258064511206439,0.06201549896280311,0.258064511206439,12,2.0,0.5416666666666661,0.9507575757575758,0.7959901191140238
0.4574468085106383,0.5668449197860963,0.44507411359448373,0.34459203914972636,0.2623462623361978,0.5225630733944955,0.5339366465887267,0.3054545404561984,0.5248868728330706,8,1.6666666666666667,5.066666666666666,0.6485549132947976,0.9612753704093822
0.6630434782608695,0.7051544527836789,0.5937821767290765,0.515140505848481,0.4433556093004895,0.6727430555555556,0.6755555505675062,0.48175181982417814,0.6666666616786173,2,1.1818181818181819,2.5734265734265733,0.8363717207647844,0.9884422765793333
0.6896551724137931,0.6504065040650406,0.5265191775762694,0.43072714121659306,0.3456932045523156,0.6827584146205645,0.6289308126197541,0.4315789423772854,0.6289308126197541,1,0.9285714285714286,1.7472527472527473,1.2264957264957266,0.9796658575079199
0.3333333333333333,0.5070189408078601,0.38820182181423024,0.2960608759716739,0.2196271380277414,0.511546291297319,0.4575163350027767,0.27118643579431206,0.4575163350027767,1,1.1,2.5545454545454547,0.7888805409466566,0.9746955052205557
0.5666666666666667,0.6469346240152224,0.5597281514699501,0.4996438659939993,0.44729539312223554,0.5786096179998711,0.5903083650790817,0.45890410462868275,0.5814977923918571,5,0.7058823529411765,3.0637254901960773,1.248015873015873,0.9801169620148125
0.6714285714285714,0.35555555555555557,0.2211456782014864,0.13253577148510715,0.07568120245998673,0.47904564186337506,0.4469273693367873,0.12227073741766958,0.40223463190661973,5,1.4166666666666667,5.215686274509805,1.4889705882352942,0.7898021369262583
0.5616438356164384,0.7647058823529411,0.6344105769813099,0.5306666179570803,0.43309628001792394,0.7309784232861155,0.6206896501724138,0.32380951880952386,0.5862068915517241,0,1.0,0.09090909090908994,1.006578947368421,0.9966303677892836
0.5373134328358209,0.487012987012987,0.34318272462387267,0.2528007105931199,0.18330032937259486,0.6072337220636037,0.44897958683696615,0.18292682426903645,0.44897958683696615,1,1.0714285714285714,2.4095238095238107,1.3066666666666669,0.8838286896131132
0.5294117647058824,0.5903614457831325,0.4829989551462476,0.4061015916106342,0.3266964889780952,0.6025745209015987,0.5619834660774538,0.3988269744742477,0.5619834660774538,3,0.8125,5.341346153846153,1.3867037939436129,0.9246767561791235
0.4,0.3349875930521092,0.19790203663203487,0.1276319573501574,0.08561102780626129,0.31673527152128855,0.30882352442906574,0.07547169314375837,0.2720588185467128,3,0.8235294117647058,11.84453781512605,1.699156746031746,0.7312887657790624
0.5324675324675324,0.5242718446601942,0.397872922157763,0.3104400024353238,0.2344184244249917,0.5307490115320833,0.5257142807377959,0.3119266005252084,0.5085714235949388,2,1.1428571428571428,0.11607142857142705,0.9940257352941178,0.918529257617777
0.5280898876404494,0.6098901098901099,0.44207963067109235,0.33334965240565595,0.23789063686754722,0.47174017344703345,0.508474571276932,0.25517240879310354,0.49999999500574555,0,1.0,0.1538461538461533,1.011111111111111,0.9692518387812834
0.6575342465753424,0.6739130434782609,0.5724945933338857,0.5000731077168934,0.42886236213657286,0.741416194583861,0.6497461878997141,0.46564884996911604,0.6395939036357547,0,1.0,1.2857142857142847,1.108433734939759,0.9569487062485832
0.39759036144578314,0.59,0.4522973184992456,0.35510157750266996,0.2638439530574609,0.45045408678102933,0.48979591337203254,0.27027026527213377,0.4693877501067264,4,1.2352941176470589,2.1232492997198875,0.8177008177008177,0.9352312495520059
0.5963302752293578,0.6336996336996337,0.5130934820801728,0.42500277120018193,0.3497325918032025,0.6917658682392748,0.569230764233432,0.33529411265138415,0.569230764233432,3,1.1875,0.31907894736842124,0.9782754759238522,0.9191039380693026
0.415929203539823,0.41739130434782606,0.27995497210430764,0.20245564407114514,0.14587192481019368,0.3925450206183688,0.42735042239462345,0.16606497702928505,0.4102564053006064,10,1.588235294117647,1.0697167755991277,0.8884344467166554,0.9456166233485442
0.5217391304347826,0.5674157303370787,0.3881619683911936,0.27358959297485486,0.1992199283469846,0.48197617582308955,0.4541062752073561,0.23437499501098644,0.4251207679609793,1,1.0625,0.40441176470588225,0.9628127112914131,0.972542128561816
0.525,0.5887398938012955,0.4694740883492088,0.36836412485831455,0.28536980306112053,0.5222472778654821,0.6043955994106992,0.35849056107378074,0.6043955994106992,4,1.3076923076923077,3.3348416289592766,0.6946975973487987,0.9793737141545176
0.6176470588235294,0.6964285714285714,0.5847725534464904,0.5124070891493853,0.4448253158049685,0.6531580415631791,0.6428571378592255,0.45643153027186173,0.6428571378592255,1,0.9230769230769231,1.5384615384615383,1.1234567901234567,0.9885757747710522
0.34951456310679613,0.2862595419847328,0.1622427702683335,0.09545256956326235,0.05000856519030538,0.34683251157705675,0.2843137205382546,0.0731707267631704,0.2843137205382546,1,1.0588235294117647,6.143790849673202,1.7303807303807304,0.8840722672970227
0.3978494623655914,0.437125748502994,0.2666435191839024,0.16570849763794082,0.09422450875058735,0.47751610616501383,0.4065934015934066,0.16981131575516215,0.3956043906043957,2,1.1428571428571428,1.5089285714285712,1.169,0.9636110161389584
0.7931034482758621,0.8241206030150754,0.7213030975041721,0.6444420811935668,0.5747772615785455,0.8194087403598972,0.7829457314368128,0.5911949635552393,0.7829457314368128,1,0.9285714285714286,1.4505494505494507,1.104678826328311,0.9964660516853013
0.45054945054945056,0.4146341463414634,0.3026146719555699,0.21164451932607356,0.1408199783716023,0.40269612215386136,0.4299065370717967,0.2314049536944199,0.4299065370717967,3,1.3,2.884615384615385,0.8138957816377171,0.947216131895729
0.4662576687116564,0.5334710466967963,0.3733387878440532,0.27157165616368156,0.19928682495405026,0.4110123050706903,0.45549737720114586,0.2140221352388313,0.45549737720114586,1,0.9285714285714286,0.38461538461538325,1.013262599469496,0.9304572640203472
0.3707865168539326,0.37629797823170563,0.20732947832240156,0.12868811587917006,0.06795548871649419,0.26947244037350276,0.27272726776859507,0.047619042735147894,0.22727272231404969,10,0.3333333333333333,15.266666666666667,2.2378378378378376,0.9598347773909296
0.3724137931034483,0.4452054794520548,0.29771393174332705,0.2184950534769016,0.1498167366048811,0.38641235446062094,0.372602734726065,0.16104868415043008,0.372602734726065,5,1.2777777777777777,1.5676328502415444,0.9239423414977148,0.9160809552532821
0.4473684210526316,0.38686131386861317,0.2608056204708915,0.1796225803689327,0.12493234912994647,0.42207531571956136,0.43199999500800007,0.20064724419727498,0.407999995008,16,2.3333333333333335,5.2976190476190474,0.648776637726914,0.8175526598529509
0.5161290322580645,0.4719626168224299,0.2901721962398676,0.1883742716228802,0.1245878845511923,0.40189187678896293,0.44933920205631783,0.20437955707602976,0.4317180566818686,4,1.2857142857142858,1.5396825396825395,0.8853427895981087,0.7791054890850025
0.2033898305084746,0.14968359086521393,0.0699060590003455,0.02798155203382979,0.009561333084421031,0.13429223957624495,0.22660098064403417,0.040816322050479456,0.20689654714649724,12,0.07692307692307693,99.38461538461539,7.364532019704433,0.919972307220093
0.5,0.491382084737302,0.39781951886318917,0.3362143940304618,0.2852914544038529,0.3979912101605749,0.4892086283264324,0.2797927414232597,0.4892086283264324,15,2.0,23.23333333333333,0.37093862815884476,0.9834332628329086
0.8134328358208955,0.7319587628865979,0.6354835304354274,0.5652073197192297,0.5019261279021651,0.6681617850981417,0.5887096724310615,0.3605442126891574,0.5645161240439647,9,0.1,263.1,10.430107526881722,0.9461133953661829
0.4578313253012048,0.3883948052262681,0.2500313247939562,0.170356253449759,0.10817254843661764,0.32992160278745647,0.35294117147491355,0.14999999501250016,0.35294117147491355,0,1.0,1.799999999999999,0.896551724137931,0.9624369911279879
0.2807017543859649,0.4199134199134199,0.24914685975611178,0.15506585309722912,0.09375910772959356,0.32125057950857666,0.3265306072589755,0.09003214938431185,0.31836734195285304,3,1.2727272727272727,2.9545454545454533,0.8481308411214954,0.8898682980688789
0.6796875,0.7476635514018691,0.6283787178796812,0.5358879449080356,0.4571862892124396,0.7430563753302083,0.6840579660148708,0.48187632762316956,0.6840579660148708,2,0.8823529411764706,3.341176470588234,1.1850162866449512,0.9840340194428039
0.4036697247706422,0.3882978723404255,0.2734090919731051,0.19293251299792102,0.13110523557368067,0.3942449342041101,0.36936936439534135,0.15079364580908305,0.3333333283593053,4,0.6,15.433333333333332,1.970649895178197,0.9365000463129842
0.5294117647058824,0.6584370400437642,0.5048047121421277,0.407745599318827,0.333332316283601,0.5961053235035291,0.5551839414883504,0.2945736384124886,0.5484949782776479,0,1.0,0.29999999999999893,0.9759036144578314,0.9896318824013921
0.8426966292134831,0.7844036697247706,0.6828649102779546,0.6009673005709745,0.5259879870452753,0.7587771152070046,0.7529411714725107,0.6105918953119633,0.7529411714725107,4,1.2105263157894737,1.7322654462242575,0.8454786691161461,0.9891051267250679
0.5974025974025974,0.665023607035647,0.5762711864610625,0.5015967812137382,0.42874852905098504,0.5932289956033324,0.6806282673007868,0.48245613540627885,0.6701570631123052,0,1.0,2.083333333333334,0.8466257668711656,0.9958910133286922
0.40963855421686746,0.45652173913043476,0.35584612937055227,0.27718181067056635,0.2065684237732324,0.4611171557887311,0.46783625231832016,0.25125627641019166,0.46783625231832016,4,1.3636363636363635,1.4363636363636374,0.8649572649572649,0.9377445239424658
0.5585585585585585,0.5039370078740157,0.39668101113246157,0.30989833124333876,0.22892562501118882,0.6084051598869036,0.560669451113251,0.3186440628752658,0.5439330494396106,11,1.7333333333333334,1.4974358974358974,0.8670914883932636,0.93463895142809
0.37857142857142856,0.4409728746081134,0.2888989869370237,0.2024005946383096,0.12476906569281583,0.3567054989339757,0.42857142362882655,0.17553190998203388,0.42857142362882655,5,0.75,2.25,1.1711026615969582,0.9284390714362603
0.2537313432835821,0.29767441860465116,0.14918455448719886,0.09229428990661681,0.05672021761839575,0.2780600237162022,0.2580645111293575,0.06920414724919519,0.24999999500032527,6,0.6,11.955555555555556,2.001862197392924,0.953010216378198
0.3333333333333333,0.3802699557347247,0.25477771717220865,0.1915336327710082,0.13686706825564227,0.33679182295838755,0.42465752930662415,0.20606060112690552,0.41095889916963785,7,0.46153846153846156,7.833333333333332,1.8703703703703702,0.9104820171294485
0.6122448979591837,0.6413043478260869,0.49664425738615847,0.4182453803107847,0.3643037043138666,0.6154230613340345,0.5873015823028472,0.35616437856258215,0.5555555505568155,3,0.7,3.942857142857143,1.4285714285714286,0.992742562598785
0.532608695652174,0.6793478260869565,0.5449611511042574,0.44305618554790327,0.3700506018158726,0.6627139819683209,0.6410256360314852,0.3736263686264407,0.6324786274844767,0,1.0,0.23809523809523903,1.0279329608938548,0.9888683131778908
0.4406779661016949,0.5140184534507952,0.3501993789251361,0.26205602910031206,0.19699112723377699,0.4735817886448157,0.4685314635314686,0.17464788232715744,0.4195804145804196,1,0.9333333333333333,0.7857142857142847,0.9537815126050421,0.9902689243994198
0.6875,0.7560829629161762,0.6823327969711129,0.6208065372327304,0.5656968505737167,0.7598652023221055,0.79041915669834,0.6145833283599176,0.79041915669834,1,0.9,0.28888888888888964,1.024904214559387,0.9928525235360902
0.41333333333333333,0.439512655002078,0.2956800625634972,0.21427802237914476,0.15073862014770117,0.3987330455149666,0.34615384120644316,0.2111111061858026,0.3333333283859303,2,1.2,4.15,0.6782945736434108,0.9710704281802474
0.5238095238095238,0.42276422764227645,0.2659855246432179,0.16979591321599616,0.1034541184617809,0.4224763989576965,0.38834950956734854,0.1412639355221737,0.37864077170327093,3,1.2307692307692308,1.0673076923076916,1.0745967741935483,0.8554423646514016
0.49411764705882355,0.375,0.2424828022925863,0.16837907358251916,0.1174731811788996,0.5145277219132802,0.4077669854797814,0.17037036554183826,0.4077669854797814,10,1.7692307692307692,0.4448160535117065,1.0368319025200776,0.9043437874520491
0.6585365853658537,0.6754966887417219,0.5811612034288429,0.5119358397252521,0.44463790048338264,0.6506831234653272,0.6881720380200025,0.48908296443469806,0.6559139735038734,0,1.0,0.9000000000000004,1.063380281690141,0.9785816434859866
0.5196850393700787,0.30120481927710846,0.1792217437813775,0.11144710881250049,0.06294611660811528,0.3929801373160834,0.36303629867006504,0.1469194263443096,0.36303629867006504,24,3.4,9.352941176470589,0.6102941176470588,0.8311636722939796
0.4594594594594595,0.3439153439153439,0.2006125932882533,0.1272766408555211,0.07476208408329069,0.3439611238326237,0.3902438974391434,0.1311475359839427,0.36097560475621654,4,1.4,0.1999999999999993,0.9854014598540146,0.8715306520183377
0.6842105263157895,0.6635514018691588,0.5188222355287005,0.4192585663115767,0.3469748224981808,0.6547342404527771,0.6617647008866783,0.45283018367944317,0.6029411714749136,1,1.0909090909090908,0.09848484848484773,1.011168384879725,0.9726564519286623
0.43956043956043955,0.5482510312292432,0.40211928998086993,0.3161989362584403,0.24679541737519012,0.4834545660121358,0.541871916192094,0.3020408113406082,0.541871916192094,0,1.0,1.666666666666666,0.8742138364779874,0.9888013210773328
0.6410256410256411,0.676006216845182,0.5831148165912944,0.5167125833037582,0.4557404836766208,0.679556690884058,0.7078651635620503,0.5135135085394855,0.6853932534496907,0,1.0,1.6363636363636367,0.893491124260355,0.9710586036670837
0.578125,0.5546218487394958,0.4170214033787038,0.3027213840335364,0.2191474069530345,0.5312806006861579,0.5714285664785715,0.31788078972852074,0.5571428521928571,1,0.9411764705882353,1.7904411764705879,1.3170572916666665,0.9736682953917376
0.41237113402061853,0.4595959595959596,0.341538754330507,0.2494285102256554,0.1774672275316582,0.48395445134575565,0.4840182598402869,0.2575757525769055,0.47488583974896276,5,1.263157894736842,0.27631578947368496,0.9675925925925926,0.8811377522016133
0.5632911392405063,0.48859934853420195,0.3727136985057588,0.29798255261036083,0.23443203291964929,0.48669927544645963,0.44751380716705846,0.24999999500897738,0.42541435965324625,17,2.1333333333333333,10.20625,0.4845328282828283,0.9308133234001418
0.3269230769230769,0.28866995863526956,0.17061626773066013,0.10361285086311982,0.059519610529056695,0.21443838538914753,0.24242423746556482,0.05737704421392142,0.22222221726354463,6,0.3333333333333333,29.999999999999996,2.6071428571428568,0.9405100040264467
0.21875,0.3090330106743511,0.13723897881619135,0.07460122736474466,0.02269844712103759,0.25367691833766753,0.3736263686650163,0.07239818509039571,0.3076923027309504,8,0.3333333333333333,19.25,2.5714285714285716,0.9539159562854016
0.4342105263157895,0.28301886792452824,0.1867467881175383,0.12097474235322873,0.07508447926718412,0.40778823903686745,0.2999999952257813,0.1256544455151999,0.2999999952257813,9,1.9,1.4578947368421051,1.1502984264785676,0.8519123746318492
0.5365853658536586,0.5833333333333334,0.4365444411933179,0.3309852701637245,0.25494656439011726,0.607617230380124,0.6067415680494888,0.3333333283414256,0.5767790212330094,2,1.2,1.1000000000000014,1.0552763819095479,0.9564018403142011
0.23893805309734514,0.290918299614833,0.11386086137582338,0.04500578511962477,0.015215851076874327,0.20187420584498092,0.2264150893756676,0.03238865898605201,0.21698112711151665,7,0.36363636363636365,23.636363636363637,2.6455696202531644,0.9669963270525865
0.3132530120481928,0.3421052631578948,0.20542153253319523,0.12574494982699316,0.07590410101413339,0.3441578451460417,0.3502824809754541,0.10084033124885272,0.3389830459472055,5,1.4545454545454546,1.4318181818181817,1.1117021276595744,0.8498656756202206
0.4301675977653631,0.4626038781163435,0.3083679574280692,0.22113416886188078,0.1622217997916606,0.41145120108101463,0.4125326321387425,0.17636022017959171,0.3916449036792125,1,1.0588235294117647,0.23856209150326535,0.9882447665056362,0.917741436500441
0.4,0.16932390659586719,0.11774070212038634,0.08557386586249331,0.06362764612935222,0.25676380004738214,0.4229074845038716,0.1773049603276999,0.414096911816647,12,0.4,0.5500000000000007,1.0441767068273093,0.9660268357194035
0.6363636363636364,0.6926109212578786,0.5775599819057515,0.4912650803390406,0.4208300723760704,0.7220078015518998,0.7333333283458334,0.492753618226213,0.6833333283458335,0,1.0,1.5999999999999996,0.8315789473684211,0.9884615040637771
0.6506024096385542,0.6213991769547325,0.5362739055101561,0.4662569790161815,0.4047008567380225,0.7005094614264921,0.5959595909677585,0.4214559336979786,0.5959595909677585,3,1.1578947368421053,0.41387559808612373,1.0389288928892888,0.9470620463801689
0.5606060606060606,0.7452830188679245,0.6075298697820942,0.5024306117827554,0.41246395155794663,0.6732075471698112,0.6814814764883403,0.4936708810791539,0.6814814764883403,2,0.875,0.9464285714285712,1.1428571428571428,0.9841033120564844
0.5818181818181818,0.5889465516774356,0.44593338460222287,0.37954578166967384,0.3271630248272976,0.4473060084753758,0.5447470767593756,0.33236151108126716,0.5447470767593756,4,1.5,13.208333333333332,0.6580366774541532,0.9354749406119133
0.3761467889908257,0.41954022988505746,0.27418557411823813,0.1903247047945738,0.1231549263016574,0.3483953972957089,0.3275862019058413,0.120300746886766,0.3275862019058413,9,1.9,7.942105263157897,0.5355493998153277,0.9804968686899421
0.1532258064516129,0.23595265620454503,0.07985970444424306,0.015732710265309643,0.006610567092631452,0.13235294117647056,0.1862745050158594,0.015936250237934144,0.1862745050158594,0,1.0,5.0,0.7142857142857143,0.9768902421940243
0.5925925925925926,0.6643835616438356,0.5540677079883175,0.4579638891969644,0.3835733640482257,0.6403883468834511,0.6331658241559557,0.4050632861436024,0.613065321643393,6,1.6,5.175000000000001,0.6381118881118881,0.9592868077014048
0.3795620437956204,0.4178082191780822,0.28355415050382726,0.20811231744320016,0.15417816335677403,0.4422142521575724,0.3736263686264407,0.15743439733274417,0.3589743539744262,7,1.3888888888888888,0.37555555555555564,0.9688479262672811,0.9123606854432234
0.52,0.6666666666666666,0.5622205563860045,0.4745005663957614,0.4002101458481111,0.7188371420798477,0.6324786275082184,0.3676470538624567,0.5982905933201842,0,1.0,1.2727272727272734,1.1359223300970875,0.9897595236445366
0.3275862068965517,0.40454545454545454,0.2578771464573901,0.18585820589683044,0.14085325217594744,0.3052317487189197,0.301724132940324,0.12925169570826986,0.301724132940324,6,1.5,3.0277777777777786,0.8014571948998178,0.9366609859952547
0.3305785123966942,0.32388663967611336,0.18854318768650338,0.1228785735941317,0.08089088168770799,0.35361109378953565,0.3209876493454589,0.14838709177939663,0.3127571966705618,11,2.2222222222222223,6.872222222222222,0.642485549132948,0.8833472107701044
0.34285714285714286,0.39512930281147074,0.23377751495329385,0.149826770678278,0.10352356904777851,0.2979547859683398,0.3686274460143022,0.11912225208911097,0.3529411715044983,6,0.5384615384615384,11.626373626373628,1.6747448979591837,0.9274603468181585
0.5409836065573771,0.4226579520697168,0.306804601597463,0.23199986140280168,0.16457246725132899,0.5153104041246741,0.4855769180787723,0.2355140136920256,0.47115384115569525,18,1.8571428571428572,4.04029304029304,0.7444392956441149,0.8501523536783492
0.4117647058823529,0.4946236559139785,0.3351013848067323,0.24111593319821645,0.16030135030281725,0.4584575175673349,0.438016523931084,0.1944444394454091,0.42975206112116665,2,0.8571428571428571,2.928571428571429,1.2329545454545454,0.9364524955385071
0.7012987012987013,0.7783650765965001,0.7146505936618759,0.6612303872548679,0.6051493422957486,0.7816084489494045,0.7772925714353275,0.6379928265556711,0.7772925714353275,1,0.9090909090909091,0.45454545454545325,1.0274725274725274,0.9943397756448973
0.5172413793103449,0.4782608695652174,0.32332320514762436,0.23983190969429663,0.18485997996811246,0.5028690186184341,0.46601941248326895,0.2175732167595106,0.4563106746191913,2,0.8461538461538461,4.958041958041957,1.4212715389185977,0.9012786997441063
0.7066666666666667,0.7020408163265306,0.5574400216330905,0.46930766357502096,0.3910186235576564,0.7590552789607217,0.6889952103303497,0.48184817982289324,0.6794258323399189,3,1.25,0.5833333333333357,0.9655172413793102,0.9627105074615782
0.7228915662650602,0.7028301886792453,0.5535768113452703,0.4596491355372821,0.38011529652922443,0.7176875181506649,0.6407766940291263,0.44360901755893495,0.6407766940291263,7,1.5,3.404761904761905,0.7477954144620811,0.9523369142928432
0.6875,0.6933333333333334,0.572649917425933,0.47280331801184133,0.3830324213075296,0.6274130792388345,0.6153846103864646,0.4107142807158801,0.5961538411556953,2,0.8,1.9749999999999996,1.2668918918918919,0.9899195213950696
0.4166666666666667,0.36802926068832437,0.3051626109507354,0.2690216223530791,0.23892184756175028,0.4194205016724721,0.5916666619197917,0.45394736368615823,0.5833333285864585,7,1.4666666666666666,12.457575757575759,0.40299157711298284,0.9550282721122358
0.6363636363636364,0.7619047619047619,0.6583455601222271,0.5786826426426396,0.49742616972248144,0.7686674175477942,0.7222222172260804,0.5426356539159305,0.7037036987075618,2,1.2,2.3000000000000007,0.8588957055214723,0.9900572075369276
0.4387755102040816,0.5136363636363637,0.3782428623658041,0.28511895398763965,0.19478614026431937,0.49488492737670775,0.4818181768330579,0.24727272229183483,0.4727272677421488,4,0.7333333333333333,7.0,1.5384615384615385,0.8622715556773382
0.6507936507936508,0.6779661016949152,0.5593812935301817,0.46743655455691707,0.39125183199962443,0.6581706012763575,0.624277451647566,0.41450776702193354,0.624277451647566,0,1.0,0.22222222222222143,1.0172413793103448,0.9832433887681108
0.5526315789473685,0.632,0.5621387729022078,0.49776040096764707,0.43745202436720604,0.7592148906394595,0.6666666616771328,0.5029239716165658,0.6666666616771328,3,1.2727272727272727,0.25324675324675283,0.9724186704384724,0.978209582120936
0.30246913580246915,0.39666666666666667,0.22452725016055394,0.14500879874143086,0.08730545767145707,0.22808117315289567,0.26380367603598187,0.08430912852305476,0.2515337373856751,9,1.6,7.300000000000001,0.6313131313131313,0.9227320265417612
0.8,0.7976190476190477,0.6791713083552214,0.5793430877426039,0.49776919218036053,0.9352240491338236,0.8749999950015945,0.6666666616693708,0.8214285664301658,0,1.0,1.0,1.1506849315068493,0.9796625658835523
0.41139240506329117,0.40229885057471265,0.3072222315489446,0.2414551032329347,0.19558538129065228,0.36117646673941284,0.40540540042823237,0.21983913711735162,0.40540540042823237,11,1.6875,5.145833333333334,0.6526019690576652,0.892159722842204
0.23076923076923078,0.2938625484089717,0.14076110919144613,0.07634908833986884,0.03838551025056538,0.21939973614775723,0.2869955108182349,0.08695651683391122,0.26905829108729323,10,0.4117647058823529,12.563025210084033,2.1123511904761902,0.9200871844032269
0.36619718309859156,0.37773423446563575,0.2422366009700959,0.14544811353359038,0.08057205004441116,0.28441324639566723,0.35036495862113065,0.10843373008201503,0.3357664184751452,10,0.375,9.208333333333332,2.0676328502415457,0.9308396850242749
0.6825396825396826,0.671875,0.5818785759635375,0.5051953862435073,0.44265605351452025,0.6992262654198732,0.6153846103854373,0.4516128982281189,0.6153846103854373,4,1.3333333333333333,2.666666666666666,0.75,0.9883826006595232
0.3115942028985507,0.3716618776317438,0.20610125477595326,0.128335541099374,0.08516044612952509,0.2912307502147229,0.2857142808163266,0.10181817696423164,0.27705627215831796,2,1.1428571428571428,3.758928571428571,0.7230263157894737,0.9753875225808301
0.44155844155844154,0.5211267605633803,0.39399143115985386,0.31795171443017556,0.251805558881697,0.5768247406537007,0.4390243852706723,0.2673796741616861,0.4390243852706723,0,1.0,3.4444444444444446,1.2792792792792793,0.9633717110907135
0.5,0.49537037037037035,0.34279215269361174,0.2460509435084807,0.1809632653333035,0.4638605830672912,0.43749999508968435,0.2022471861661688,0.43749999508968435,2,0.8947368421052632,1.9690402476780182,1.1833910034602075,0.8053037089601697
0.32558139534883723,0.2971014492753623,0.16131796120724107,0.07453197970688878,0.023074414613546625,0.24171286742225712,0.3636363586385643,0.08465607965622493,0.3216783166805223,7,0.36363636363636365,23.045454545454547,3.011904761904762,0.9204910660745288
0.3503184713375796,0.31056656629257795,0.17662751898617468,0.11057061003763244,0.06173282947158771,0.27076163548231,0.3087719249846723,0.09356724668359519,0.2807017495460758,1,0.9,6.62222222222222,0.7285974499089254,0.9922676551280375
0.6341463414634146,0.5878705451363195,0.4654392315780124,0.3767795731108686,0.2993185078655636,0.5190090328024487,0.5792349676849116,0.2926829218560381,0.5792349676849116,1,1.0909090909090908,1.9696969696969706,0.8441247002398081,0.9867442349324193
0.308411214953271,0.3593073593073593,0.2200644978432275,0.1464062216477892,0.0939511784143025,0.33600050301712026,0.3317972300469324,0.13284132343786187,0.3225806401851813,5,1.5,1.5999999999999996,0.9058823529411765,0.9114685725241611
0.475177304964539,0.5730773709098733,0.4618485936118178,0.3832206386674961,0.31266165481756947,0.4996923579729822,0.5185185135212961,0.30113635864669425,0.5185185135212961,10,1.6666666666666667,6.426666666666668,0.5844827586206895,0.9591438947951153
0.4322033898305085,0.43006993006993005,0.2634668778624463,0.1727523734404862,0.10486216682134761,0.4038562319068396,0.31159419789960097,0.10746268156827825,0.2898550674648184,1,1.1,4.100000000000001,1.1872146118721463,0.888748391028613
0.44285714285714284,0.5903179014912067,0.4555279551769999,0.35745525758350694,0.2780653271505765,0.48697887724462274,0.5474860285197091,0.2995594663657358,0.5251396598046253,0,1.0,0.20000000000000284,0.9879518072289155,0.9803414804987555
0.6190476190476191,0.5813953488372093,0.4284839917800317,0.34245894783888386,0.263641541944765,0.6886764705882353,0.5591397799514394,0.36529679865557435,0.5483870917793965,6,1.4615384615384615,1.1012145748987852,0.8915470494417863,0.9489089975124757
0.5662650602409639,0.5497382198952879,0.4025271505333596,0.31140133159973243,0.2388730908483014,0.533434761723908,0.5412843986714082,0.30534350645067315,0.5137614628915917,7,1.7,5.664705882352941,0.6648103028193526,0.9691867115311803
0.43209876543209874,0.5690370912087023,0.39424202735504826,0.27184124692978584,0.18241820436358153,0.43617858454435765,0.43523315562296977,0.2116788271298419,0.4248704613224517,6,0.5714285714285714,9.821428571428571,1.705128205128205,0.9685213187349837
0.2872340425531915,0.3402777777777778,0.20112832459055324,0.12850485480833068,0.07292757332946104,0.2721280028108128,0.25301204321889975,0.07368420555346294,0.25301204321889975,6,0.5384615384615384,9.725274725274726,1.8966565349544073,0.9259354129378583
0.358974358974359,0.3273356268640495,0.19714424290939497,0.12154595033540472,0.06552079413412255,0.2507981471684706,0.2857142807924108,0.09964412317473208,0.24107142364955367,1,0.9,0.8444444444444414,1.0454002389486259,0.9098098785795669
0.45714285714285713,0.5354330708661418,0.4070986168479575,0.30672827815611864,0.21202268984042222,0.42019641212145276,0.5176470538262976,0.25252524752984395,0.5176470538262976,1,0.9,1.4111111111111114,1.1111111111111112,0.9757615721357648
0.30833333333333335,0.2875536480686695,0.1760294989203751,0.11973586517639405,0.08049907620397824,0.2978013312852023,0.2950819622252084,0.11295680563393362,0.2786885196022575,9,1.9,4.436842105263157,0.7343208320201703,0.8136595718460229
0.6666666666666666,0.6558686802441936,0.5407418749825322,0.4585971131458666,0.39512383287529224,0.6273189074904361,0.6883720880363441,0.4569288339766303,0.6511627857107627,2,0.8461538461538461,0.09790209790209836,1.0072314049586777,0.9935518396119358
0.6428571428571429,0.6925292662577631,0.6133209754489589,0.5402097025055348,0.47912904238127474,0.6843284206841289,0.6601941697742484,0.481327795840292,0.6601941697742484,0,1.0,0.5384615384615383,0.9533333333333334,0.9878157834644256
0.5045871559633027,0.5943775100401606,0.4944307007449055,0.4220520912125893,0.35608286011058177,0.6008715145405215,0.6046511577909981,0.4108761279342102,0.6046511577909981,14,1.8235294117647058,4.96774193548387,0.6178660049627792,0.9221587334394689
0.2537313432835821,0.3571428571428572,0.19679007573314464,0.10042074397853024,0.03286127255672626,0.2961130870103178,0.2499999950055557,0.032520320203583294,0.2499999950055557,3,0.7272727272727273,3.2272727272727275,1.44375,0.9619495748798921
0.5735294117647058,0.5869565217391305,0.41397363071955806,0.3062905605103035,0.23155589885894987,0.6568005459036093,0.5131578897377078,0.25414364141021345,0.4736842055271815,1,0.9,4.133333333333335,1.3690476190476193,0.946607057129952
0.7169811320754716,0.8062897626471041,0.7266685563214104,0.6469563065966432,0.5588174691590152,0.8033583622085206,0.7906976694333273,0.5925925876116447,0.7906976694333273,1,1.0588235294117647,1.3431372549019596,0.868015414258189,0.9889632657923482
0.5076923076923077,0.371007371007371,0.2094348118500469,0.12268506333062192,0.05989294215866034,0.36534540784320374,0.43065692930763494,0.12799999500174242,0.42335765923464225,12,1.631578947368421,0.8183361629881158,0.9413268411442482,0.8256993805465856
0.4528301886792453,0.3369565217391305,0.22953811673788108,0.15127063697531049,0.09568323385017952,0.42958471870242393,0.32921810203322666,0.1262458422105718,0.32921810203322666,10,2.0,2.8000000000000007,0.8313253012048193,0.8475246991605894
0.36666666666666664,0.3571428571428572,0.24832429150464655,0.17306616210777997,0.10945178741578677,0.374645978364955,0.4363636313785124,0.17346938275718468,0.4363636313785124,12,2.2,5.336363636363636,0.5439005439005439,0.9136599209431827
0.620253164556962,0.5360824742268041,0.40823738683311805,0.32716312406229264,0.2654167935810637,0.4687082256483379,0.5614035037721009,0.33830845271453686,0.5497075973393524,1,1.1,0.5636363636363626,0.9690309690309691,0.9459876202079887
0.352,0.3821428571428571,0.2369750916455564,0.15667832715384877,0.10123037175164894,0.331740429873435,0.33463034527699137,0.14465408308373895,0.3268482441096762,5,1.2941176470588236,0.31550802139037337,1.0254200775527789,0.8763639215051746
0.3473684210526316,0.28205128205128205,0.19850497028475797,0.1501926683165593,0.11545983004528426,0.4915223265959262,0.3962264103506587,0.20664206180362477,0.3867924480865077,8,1.8,3.8666666666666654,1.3421828908554572,0.8711225136983344
0.59375,0.6447368421052632,0.5010844588283271,0.4071513366703519,0.3247965622234773,0.6013650045845612,0.6012269888652189,0.4246575292469924,0.5766871115646054,21,2.1666666666666665,6.982905982905984,0.5274725274725275,0.9817395591972244
0.620253164556962,0.7032258064516129,0.5891065284693522,0.512048380865519,0.44175688876261554,0.7236189064440585,0.6051282001293886,0.4493392020493314,0.6051282001293886,0,1.0,1.1999999999999993,1.083916083916084,0.9879978367930479
0.47058823529411764,0.4583333333333333,0.2963517357759276,0.2070698452456085,0.13766078294069034,0.48447564222598527,0.4941176420595156,0.1634615334633877,0.4470588185301038,2,0.7777777777777778,9.222222222222221,1.6240601503759398,0.8729604325722533
0.4819277108433735,0.41964285714285715,0.2743579074328204,0.18922640768911944,0.11500021219097353,0.4956507372251466,0.40425531415799004,0.19491524925021558,0.37234042054096883,4,1.3076923076923077,1.0995475113122168,1.0910453353315848,0.918126699508527
0.40869565217391307,0.4219269102990033,0.27558454937427207,0.20639839655348577,0.14565119432523765,0.35715839590273984,0.3673469337795919,0.16300939940645254,0.3591836684734694,0,1.0,5.0,1.303030303030303,0.8366185990449223
0.711864406779661,0.6642204082716726,0.5932599196423876,0.5336544633388028,0.46866226286848844,0.6238801438168414,0.7191011186056054,0.5172413743237217,0.7078651635494256,2,1.1333333333333333,1.662745098039215,0.8506516379006693,0.93871541586102
0.39603960396039606,0.32388663967611336,0.18854318768650338,0.10285578031911233,0.04516904984320858,0.38963595236012355,0.28971962116866107,0.06299212098456236,0.2710280323836144,5,1.4545454545454546,1.4375,1.1026785714285714,0.7408672587798476
0.2980769230769231,0.3765182186234818,0.24743175740580242,0.15825808195396562,0.09798269253440148,0.3998205884895786,0.35135134636596066,0.15916954518648022,0.35135134636596066,6,1.5,1.8611111111111125,0.8805704099821746,0.8642298894901017
0.4329896907216495,0.45794392523364486,0.3469847300362498,0.279524947377216,0.21876759499306456,0.5441006817428589,0.44761904264807256,0.25287355826426516,0.44761904264807256,12,2.2,5.772727272727273,0.6275659824046921,0.9461135119695439
0.1951219512195122,0.15737701435543955,0.07497964946687057,0.03962990603539026,0.019638498052633856,0.11159320060473585,0.12969282816573302,0.020833328838027226,0.12969282816573302,8,0.42857142857142855,8.428571428571427,1.3575757575757574,0.8934056049410104
0.46846846846846846,0.5297029702970297,0.40421648403085675,0.323374039580298,0.2556198507194897,0.4922580831039771,0.47368420552744644,0.27329192046583856,0.47368420552744644,3,1.25,2.033333333333333,0.8688172043010752,0.9728862130401287
0.5915492957746479,0.43103448275862066,0.30237651520711445,0.2239451051326819,0.1628346987457889,0.4938809319564157,0.5222222172246914,0.24999999500358744,0.5111111061135803,1,1.1,4.59090909090909,1.278236914600551,0.8999604926799172
0.55,0.5964912280701754,0.4588314677411235,0.35227071341858535,0.26307872627532813,0.7528598779058677,0.5340909041070507,0.2966507127089582,0.5340909041070507,0,1.0,2.5999999999999996,1.2954545454545454,0.9146734613256607
0.4065040650406504,0.5641578004315232,0.3790360865277676,0.2785355598424159,0.20649829812563,0.4465044295015476,0.4999999950026628,0.21604937774348434,0.4846153796180474,7,1.5833333333333333,6.837719298245615,0.6074036766557542,0.9667420628883141
0.6612903225806451,0.5977236331923432,0.4363084978755456,0.303808657533077,0.20999277224431764,0.5082109297897328,0.5093167652297366,0.21782177723752583,0.49689440498128934,1,0.9411764705882353,0.25,0.975,0.98005999929901
0.5686274509803921,0.617307385761544,0.516955297872127,0.4423776955977755,0.3703527814304502,0.6373810416687227,0.5740740690809328,0.3050847407641483,0.5740740690809328,1,0.9166666666666666,0.09090909090909083,1.0129870129870129,0.9882079649882968
0.25510204081632654,0.23502775993512626,0.14155386421485538,0.07416733640044484,0.03683020540930152,0.18070270270270267,0.32978722912403813,0.10833332847222243,0.32978722912403813,14,0.2222222222222222,22.166666666666664,3.046153846153846,0.9123660006865093
0.3023255813953488,0.24034334763948495,0.10178225313592777,0.058043207493224454,0.03534057188617602,0.23768518393102514,0.22093022756084382,0.04608294431141085,0.22093022756084382,4,1.4,3.442857142857143,1.2608225108225108,0.739721167062381
0.42857142857142855,0.3096446700507614,0.18214339035028385,0.121944279737529,0.07161894783133854,0.29235667548714334,0.33333332833564583,0.12334801262201887,0.3225806401636027,1,1.0769230769230769,1.4560439560439562,1.115418118466899,0.8763038649518371
0.5217391304347826,0.6145833333333334,0.5229776973277817,0.45989607347469474,0.402091185520263,0.5521199999999999,0.5045044995081569,0.3041825045265943,0.4954954904991478,7,1.7,7.405882352941175,0.6039635105379051,0.9797352545724053
0.6395348837209303,0.6475511605030274,0.5494316536557774,0.45985439778492754,0.3738581613984783,0.5544298710628582,0.6608695602207941,0.42953019636052436,0.6521739080468809,9,1.8181818181818181,9.727272727272727,0.5069124423963134,0.9699324282073271
0.5068493150684932,0.4627659574468085,0.310664910011472,0.2014112371886159,0.12604788420646762,0.49176699716713884,0.4751381165593236,0.23148147649219833,0.4751381165593236,0,1.0,3.466666666666667,1.3823529411764706,0.9348663923969921
0.5473684210526316,0.5324014152678591,0.4226679902251924,0.32459785890542187,0.25239797094581695,0.46424760665979353,0.5361702078421006,0.286713281821116,0.5276595695442282,2,1.1818181818181819,5.88111888111888,0.6682445759368837,0.9872669691674851
0.6626506024096386,0.6778523489932886,0.5456238846901313,0.46338771323492284,0.40397495960829694,0.7736369254688675,0.6473988389388219,0.4166666616753472,0.6358381452972035,0,1.0,2.0,1.192,0.9903752521132545
0.5607476635514018,0.5404255319148936,0.4217017111080794,0.33112057704790193,0.2504519976474463,0.6504338378312667,0.5614035037753925,0.3088235244128461,0.5526315739508311,1,0.9444444444444444,3.9901960784313726,1.4057826520438683,0.8939247628813959
0.49586776859504134,0.4355300859598854,0.28521747896754024,0.20100975016698933,0.1489261046722161,0.4552774803457647,0.4637681109632955,0.1684210476515237,0.4275362269053246,10,1.8333333333333333,3.5530303030303045,0.817011314865392,0.9321739580938757
0.576271186440678,0.6409298161929079,0.5203246231467379,0.4345554928390728,0.3603372323861874,0.5889686056693707,0.5390070872189529,0.30967741435504686,0.5248226900558323,1,0.9,1.0777777777777793,1.0921177587844255,0.9812599871622566
0.5227272727272727,0.504950495049505,0.3407911587195099,0.23798098763240919,0.16018414016981491,0.43658348340622594,0.3529411715013457,0.11864406286699246,0.3529411715013457,1,0.9,2.122222222222222,1.2332112332112333,0.877961768446711
0.5131578947368421,0.6172637050872006,0.5171080143232065,0.4377901037447193,0.36836480882070805,0.5759644618952113,0.577259470245221,0.3823529362035035,0.5714285664551336,0,1.0,4.300000000000001,0.8469750889679715,0.9939657505310912
0.32142857142857145,0.2844650037962913,0.1603839813488914,0.09894131257725154,0.05518129785604047,0.2099113368178614,0.36046511133382914,0.12389380040997745,0.3372092973803407,8,0.5,6.875,1.5670103092783505,0.872772476422841
0.609375,0.5732484076433121,0.4536314359332143,0.36660167011535727,0.2937763984448379,0.6222569703404321,0.5729729679766252,0.33980582025025924,0.5513513463550037,7,0.5333333333333333,10.491666666666667,2.1487226277372264,0.9738500664710418
0.3010752688172043,0.32716049382716056,0.19125101207687215,0.11357658025505753,0.06444925563826855,0.27027631504444827,0.2765957397085786,0.08403360848810142,0.2765957397085786,2,0.8,4.550000000000001,1.2898089171974523,0.8547857638525261
0.5473684210526316,0.6569767441860465,0.5332032685141713,0.44948183259041136,0.37068677124466587,0.6591762730767756,0.563380276708766,0.3552123502183927,0.5164319199012544,2,1.2222222222222223,2.141414141414142,0.8795454545454545,0.995110544217687
0.4117647058823529,0.44410876132930516,0.26957808286835416,0.16707715649472193,0.09853870801186504,0.3924857408607437,0.40384614884800296,0.17289719126266503,0.3653846103864646,5,1.2777777777777777,0.8309178743961336,0.9454141542367503,0.889589886385886
0.40476190476190477,0.3,0.2087472610464947,0.1536502848326962,0.11156207451026898,0.40826887052341604,0.2165605047020164,0.09574467599592601,0.2165605047020164,1,0.9,9.5,1.9047619047619047,0.8823933931510409
0.49586776859504134,0.5470085470085471,0.36900571501032625,0.2748013415594147,0.20387725760643646,0.46750612931561014,0.5037593935033072,0.2603550246201114,0.48872179951834477,1,1.0666666666666667,0.3583333333333325,1.0251168224299065,0.9220097486083327
0.5652173913043478,0.45819397993311034,0.3161354771586003,0.22647293449603623,0.1540195596864719,0.4037993707763211,0.4793388379837443,0.21492536815041224,0.47107437517382694,10,1.5,2.7333333333333325,0.7847769028871392,0.8421817273047356
0.43703703703703706,0.4170731707317073,0.261385730006279,0.16413771605440927,0.10753457778272316,0.42433357664638016,0.4013605392186127,0.16190475690578246,0.4013605392186127,2,1.1428571428571428,3.625,1.1647727272727273,0.8108987889098024
0.3950617283950617,0.3459715639810427,0.24353523557830134,0.18727594699470057,0.14054649054837173,0.4643372432070221,0.35227272241800106,0.13930347775649135,0.3409090860543647,8,1.7272727272727273,1.0143540669856446,1.1005215742057846,0.890087194837364
0.573170731707317,0.6417980659626251,0.529407591953909,0.4335579492064929,0.34820486284784574,0.590880680219447,0.6201550338029566,0.39093483922188615,0.6124030958184605,0,1.0,1.1538461538461569,0.937759336099585,0.9832502193919973
0.6764705882352942,0.7921348314606742,0.6689796731479415,0.5710486010738851,0.48977044962194016,0.7585760636014836,0.7063829737234949,0.49484535582527367,0.6808510588298778,1,0.9285714285714286,1.335164835164834,1.108048021342819,0.9976829938104346
0.5789473684210527,0.542713567839196,0.4021413673145539,0.3156622802893664,0.2443380990568961,0.5742412248674917,0.4928909902634712,0.29718875002403194,0.46445497130612523,1,1.0833333333333333,2.1410256410256423,1.1626095423563778,0.9706110721897264
0.16379310344827586,0.16003237885932364,0.09736044101207865,0.06042542732719151,0.03878316923819431,0.151370220302795,0.18085105899332288,0.07142856663942954,0.18085105899332288,8,0.42857142857142855,5.904761904761903,1.4950099800399201,0.919898734345685
0.37777777777777777,0.5,0.3561209870737785,0.27511591917534606,0.20981212766606414,0.44868699477090646,0.47619047119522323,0.268907558045071,0.453781507609789,1,1.0434782608695652,1.0724637681159432,1.080874316939891,0.8889096054398206
0.4146341463414634,0.5059523809523809,0.30147910254756094,0.19555791502197958,0.12118781017641105,0.44399242290023183,0.4670658632636524,0.19534883221027596,0.4670658632636524,0,1.0,2.4615384615384617,1.2352941176470589,0.9563162712640418
0.5833333333333334,0.4838709677419355,0.3510098079892634,0.2557220426058914,0.18610844097868848,0.49542445744169633,0.4892703812735545,0.2739725977399607,0.4806866902864301,5,1.4545454545454546,3.52840909090909,0.7935505319148937,0.9252530351358706
0.5375,0.6503067484662577,0.5376106598092703,0.4453135031473185,0.37053120725581046,0.6600083984696651,0.6224489746001667,0.4177777727857778,0.6122448929675137,3,0.8333333333333334,2.977777777777778,1.3774647887323943,0.9780672420934209
0.5294117647058824,0.5428940051182918,0.41136991406416185,0.32843063411705675,0.2581987940527306,0.4947821651419677,0.4913494759823278,0.2560975559981039,0.4844290607574143,2,1.1538461538461537,2.8461538461538467,0.8310502283105022,0.9587802880624445
0.672,0.6665241908858894,0.5411842252510636,0.4580086958389577,0.3852163734074724,0.5805238382378194,0.6022727223508524,0.40909090415041327,0.590909085987216,1,1.0555555555555556,1.8538011695906427,0.8923599320882852,0.9844196916597533
0.4939759036144578,0.36904761904761907,0.2817741984614831,0.22654634455019929,0.17702656965985414,0.6220722791349268,0.45833332855034725,0.2616033707411562,0.45833332855034725,5,1.5,5.5,1.486725663716814,0.8664755588914906
0.4868421052631579,0.5616438356164384,0.42667326006557227,0.3280600910098037,0.2523923876254421,0.5596276598444992,0.5485714235715918,0.3251231477104517,0.5485714235715918,2,1.1666666666666667,0.1547619047619051,0.9853768278965129,0.9378537221545208
0.1958041958041958,0.2324813552869636,0.11563276556147792,0.05502771969670726,0.027838517113458305,0.1714275477282423,0.3035019406785871,0.04892965887158815,0.3035019406785871,9,0.47058823529411764,6.514705882352942,1.4576446280991737,0.9361745962850144
0.42990654205607476,0.44387755102040816,0.2941074889740886,0.21065867228778182,0.15655127856757958,0.41476303787428115,0.4484304883026001,0.20895521889062166,0.4394618784371293,2,1.1333333333333333,0.5294117647058822,1.0481283422459893,0.8807689500609137
0.27631578947368424,0.34831460674157305,0.21274684506488725,0.14422152068246644,0.09481663917442394,0.42580101180438445,0.3489932837800099,0.13131312642791568,0.32214764619611735,2,1.2,3.6333333333333346,1.324404761904762,0.900858526318411
0.6826923076923077,0.71900826446281,0.6008293023999468,0.516899423341704,0.44300754448102925,0.7506010836905996,0.7096774143551638,0.5569620203236662,0.6935483820970995,1,1.0416666666666667,0.5549999999999997,1.0608219178082192,0.9661084402594714
0.32967032967032966,0.3567251461988304,0.22441300566237937,0.16394996718696037,0.1187215396952845,0.37175163846974546,0.3763440810498324,0.14545454046487621,0.34408601653370335,6,1.6,1.8125,0.855,0.9243758299553038
0.35398230088495575,0.29394812680115273,0.18663333963918796,0.12687068276275543,0.07904294984703288,0.35222557208852595,0.3228070125660819,0.13296398394364703,0.3228070125660819,17,2.7,9.148148148148149,0.5841750841750841,0.9020628437568697
0.5934065934065934,0.6280407159643167,0.4988987411438363,0.41085853026838354,0.33486700149104515,0.5452158632330844,0.5523809474176872,0.3880596965150925,0.5428571378938776,3,1.2307692307692308,2.9615384615384617,0.78,0.9737911764895126
0.7530864197530864,0.7391304347826086,0.6423561000125249,0.5627229684897825,0.4951037803357645,0.7634392772364973,0.711462445596713,0.5379746785451051,0.711462445596713,2,0.8823529411764706,2.741176470588236,1.247872340425532,0.9758454678306361
0.4918032786885246,0.6088415196311648,0.4715362112592065,0.3741757384523662,0.29750299251711926,0.5525120440467997,0.506666661688889,0.26600984723725407,0.49333332835555554,1,0.9,0.844444444444445,1.0578386605783867,0.99527199930036
0.29310344827586204,0.2682332139148219,0.1470391535098461,0.0905847312835749,0.04893187364111782,0.22584794757312002,0.29729729234640057,0.10714285222551044,0.2882882833373915,2,0.8333333333333334,3.816666666666668,0.798237885462555,0.9431419901776875
0.7,0.7636363636363637,0.6437487218250932,0.5347023157835091,0.43310324453727883,0.6849369348264208,0.7378640726703741,0.5365853608536587,0.7378640726703741,2,0.8947368421052632,1.1269349845201226,1.1313605196679897,0.9836766566481403
0.6888888888888889,0.7406259620305312,0.6532924272990058,0.5889912117826128,0.5281606716295122,0.715747143000141,0.68702289576365,0.5082508200829985,0.6793893079773907,0,1.0,0.6999999999999993,0.9644670050761421,0.9964126400283451
0.49514563106796117,0.5561224489795918,0.4468038715518249,0.3654371420675006,0.29528989503785164,0.45334514984126445,0.4526748921499094,0.2385964862419207,0.4526748921499094,5,1.4545454545454546,5.386363636363637,0.6945876288659794,0.9599460891486242
0.676923076923077,0.7664233576642335,0.6629979920662645,0.5529502709004918,0.44969441497499807,0.7496684208274504,0.7441860415116279,0.48309178244066375,0.7441860415116279,0,1.0,0.3125,1.0378787878787878,0.9807723650347976
0.14925373134328357,0.17318101351002144,0.09527766708360434,0.06187951047791241,0.03932564216196782,0.17648663570412895,0.17948717510117623,0.05109488617694107,0.17948717510117623,1,0.9090909090909091,8.60909090909091,0.5675799086757991,0.9460045357520384
0.4473684210526316,0.4097560975609756,0.2972856642029726,0.22790944868392674,0.17568338837536296,0.521996700833433,0.3999999953719009,0.24770641724097306,0.3999999953719009,7,1.6363636363636365,0.7525252525252526,1.070750237416904,0.9183215790930234
0.5892857142857143,0.5659340659340659,0.493845308405952,0.42191020432107895,0.35068157877378153,0.5676890667508473,0.6265060191079983,0.46956521239470705,0.6144578263369139,6,0.6470588235294118,6.2513368983957225,1.6072727272727272,0.8973845185288972
0.3563218390804598,0.3402061855670103,0.21408149173221758,0.14481802702466318,0.097395532470528,0.3630205041404651,0.3276836109036356,0.13953487878853452,0.3163841758753871,2,1.1818181818181819,3.8321678321678316,1.3455233291298865,0.9220403712446424
0.7236842105263158,0.7438423645320197,0.6335458040361663,0.550398656122471,0.47273571905346695,0.7204433497536945,0.7214611822447407,0.49275361819785757,0.6757990817881196,11,2.0,9.227272727272727,0.5,0.9835687815047592
0.6024096385542169,0.5610502378106704,0.3761174503684909,0.27938522522667913,0.20115820944370746,0.48421757426730977,0.4827586157654882,0.2598425148217497,0.47290639901671966,3,0.8125,0.9326923076923084,1.0819949281487744,0.9489032037046197
0.3373493975903614,0.4742857142857143,0.3301987260520111,0.2280743638921829,0.16025522027191874,0.4573088010451625,0.46153845653859304,0.20338982550991105,0.4512820462821828,2,1.2,0.2833333333333332,1.0198135198135199,0.9363190357406758
0.21568627450980393,0.3033811771392134,0.1552461520716941,0.07821494047599505,0.022918497074021965,0.22873019204440595,0.2741116701373394,0.08333332836805586,0.2436548173454612,8,0.42857142857142855,11.857142857142858,2.01840490797546,0.9450032822250107
0.5393258426966292,0.3044871794871795,0.246376996098352,0.1967040549903382,0.14333049208886892,0.6179659574078566,0.46987951323559296,0.30357142374720986,0.46987951323559296,15,2.25,1.8055555555555554,1.1851851851851851,0.7333264832493901
0.2627118644067797,0.4449152542372881,0.304580964030054,0.22097533016267085,0.1485251303291168,0.3997148712093222,0.3833333283336806,0.1968253918278661,0.3749999950003473,3,1.1666666666666667,0.26190476190476275,0.9772256728778467,0.9015564244517248
0.5495495495495496,0.6296291055906131,0.5043314612613419,0.4233060485775671,0.3506842160221933,0.531492771876637,0.5714285664361615,0.3848797200958893,0.554112549120144,1,0.9333333333333333,0.2333333333333325,1.0190217391304348,0.9879704183856118
0.5079365079365079,0.5739719715495333,0.4674762346526701,0.37872166423301284,0.29520523200513255,0.5384683639342024,0.5655172363985732,0.31034482260272167,0.5517241329502974,2,0.8,1.2750000000000004,1.1053719008264462,0.9955755590719779
0.7160493827160493,0.625615763546798,0.4915021909877852,0.4055477947407634,0.32645375383338593,0.6516522518118542,0.6634615334781806,0.4084506992342789,0.6538461488627959,1,0.9166666666666666,4.204545454545453,1.2950558213716108,0.9708084891008678
0.41333333333333333,0.4675324675324675,0.3270349700838643,0.21769378787680224,0.14065714077312857,0.561799990467388,0.4868421002640235,0.2424242374244262,0.4736842055271815,0,1.0,2.875,1.4259259259259258,0.8623675593988807
0.6052631578947368,0.7139564558901853,0.5883827156136191,0.49503083302289697,0.4067683401391641,0.6737089785205088,0.6384976475849148,0.42264150443972953,0.5821596194159008,1,0.9,1.31111111111111,1.078042328042328,0.9934458070220722
0.40229885057471265,0.49212571072355704,0.3594826976333359,0.2527291528963306,0.1704948755518446,0.4285564956106835,0.39393938897204367,0.16143497264131607,0.39393938897204367,0,1.0,0.666666666666667,0.9166666666666666,0.9737660733705931
0.5,0.5153374233128835,0.3783507423721787,0.2555040669149907,0.16266850182119205,0.5678388616106599,0.49999999500074366,0.2777777727833334,0.4878048730495241,1,0.9411764705882353,2.952205882352941,1.4080284552845528,0.8915026327973941
0.6078431372549019,0.6642042400325306,0.4926777186318797,0.37654179201237054,0.274336602303946,0.5202983239158112,0.5829959464465899,0.3055555506055556,0.52631578450327,3,1.2,4.28888888888889,0.7826576576576576,0.9654482153242623
0.5961538461538461,0.6277372262773723,0.5174084113615692,0.4185041621229878,0.3327091040493828,0.598244033374678,0.5911949635694792,0.419999995002,0.5408804981606741,0,1.0,1.5999999999999996,1.1322314049586777,0.9619157543977847
0.6588235294117647,0.6351931330472103,0.5153410901996726,0.42701201469866645,0.34511634611963754,0.6805207664577883,0.618357482922822,0.3878326946198442,0.6086956471740298,2,0.8888888888888888,3.7847222222222214,1.3511597938144329,0.9712820254061318
0.5833333333333334,0.582089552238806,0.4388291007761746,0.33967750330152424,0.26487561042501045,0.6291248860528713,0.6410256360256412,0.38709676919586083,0.6282051232051283,10,2.111111111111111,4.836257309941521,0.5932120019675357,0.9317731779169748
0.25806451612903225,0.2652960824265572,0.13745421032463576,0.08961934381860322,0.05912658406253633,0.21219306341822486,0.2761506228084243,0.09999999516200023,0.24267781946114395,5,0.5,9.0,1.4245283018867925,0.9605978543313006
0.15151515151515152,0.11624455359838763,0.04527932597496575,0.023741605214944977,0.0092551460759644,0.10941575710157433,0.18604650698553282,0.020202015601980435,0.1511627860553003,10,0.09090909090909091,74.63636363636364,6.585034013605442,0.9408667716202422
0.627906976744186,0.7183098591549296,0.6376444826971461,0.5690374657920242,0.5009294259207518,0.6906731617518876,0.6820276447705409,0.4593639526002323,0.6728110549087898,3,1.2142857142857142,2.542016806722689,0.8313353777529969,0.9836666862720889
0.3360655737704918,0.3879310344827586,0.2206837073761874,0.1464672221441011,0.10389315675084135,0.38315250876526147,0.2920353932398779,0.10218977604347619,0.2920353932398779,2,1.1333333333333333,2.3137254901960773,1.204152249134948,0.9442783507087046
0.375,0.3374821322394935,0.22110300416459308,0.16180301469659147,0.11986776902197638,0.31340395588830244,0.4148936120490041,0.16740087611791435,0.38297871843198283,12,0.29411764705882354,16.764705882352942,2.815286624203822,0.902300233488496
0.6233766233766234,0.6172839506172839,0.5143444998736397,0.44779490589384674,0.380419385624357,0.6413599570435955,0.6178010421271346,0.4069264019272502,0.6178010421271346,4,0.7142857142857143,5.2714285714285705,1.4823529411764704,0.9645996160569492
0.5789473684210527,0.6102941176470589,0.45764257529234365,0.35730253540942547,0.2773502351893026,0.5229575229499157,0.5869565167433313,0.304461937263039,0.5724637631201428,0,1.0,1.9166666666666679,1.0923694779116466,0.9563705238809089
0.6710526315789473,0.6728110599078341,0.5496744525215875,0.45396919151122367,0.363717352576795,0.6245455019915542,0.6384976476140096,0.4347826036980152,0.6384976476140096,4,0.75,5.895833333333332,1.4837606837606836,0.9602966124519452
0.5942028985507246,0.5821917808219178,0.4480577936944256,0.33462782160308463,0.2440718716541475,0.6153524354058166,0.5859872561483225,0.3469387705148897,0.5605095491419531,1,1.0666666666666667,0.4583333333333339,1.0528846153846154,0.9443554839462889
0.2976190476190476,0.4254481740472855,0.22112139071616105,0.10654053735096326,0.054517700409912634,0.2996500997580861,0.34090908592523245,0.07655501893271707,0.29545454047068703,4,0.6666666666666666,3.958333333333334,1.3625954198473282,0.973020929357178
0.5934065934065934,0.4219269102990033,0.2904916213246101,0.20242252650505166,0.138808627132527,0.4966290560635654,0.47488583976147286,0.20833332834876553,0.4657534196701487,1,0.9473684210526315,5.616959064327485,1.5057925223802,0.9259275323638613
0.6578947368421053,0.7469030308195592,0.6572974903469815,0.5931379083186035,0.5306934511815259,0.6815988122394772,0.712962957966821,0.544850493345548,0.6944444394483026,2,0.8888888888888888,0.44444444444444464,1.0285714285714287,0.9915433884058021
0.4297520661157025,0.38688524590163936,0.2645669781664973,0.18947835397964746,0.12917568448956424,0.503677435422951,0.40433212498742327,0.1963190134417932,0.40433212498742327,3,1.25,4.25,1.2642487046632125,0.8808607514405818
0.1865671641791045,0.207398684329514,0.10404674461914847,0.0729252542615142,0.05137256891935786,0.19227222334206814,0.21757321687715564,0.06271776521846849,0.21757321687715564,2,1.1818181818181819,6.825174825174825,0.6283320639756284,0.9309750002127962
0.2733812949640288,0.313953488372093,0.17821849373300394,0.11981493186016184,0.08157210996655502,0.31692913484258783,0.2845849752372323,0.0934579389361519,0.26877469855739045,19,2.727272727272727,8.30909090909091,0.5086021505376344,0.924721447648055
0.373134328358209,0.44565217391304346,0.31697682612518413,0.23063221254626873,0.16193955593671397,0.3896271473232477,0.4255319098958805,0.2010869515230684,0.3971631155696394,9,1.75,7.0238095238095255,0.6517119244391971,0.905540231843642
0.17475728155339806,0.2767295597484277,0.11072565361559727,0.020632742656012462,0.008411395690393722,0.2297898111816974,0.23958332834689683,0.05240174173642808,0.22916666168023014,3,1.3,0.8692307692307697,0.9336465061655901,0.9511149195755408
0.2857142857142857,0.3669064748201439,0.2062519845687973,0.08744296621434247,0.025995112306855493,0.31572626742294335,0.3139534834396972,0.09950248260686642,0.3139534834396972,1,1.0714285714285714,1.480952380952382,1.1902140672782875,0.9868125360448322
0.4069767441860465,0.31954887218045114,0.21685927977966948,0.15815413773765397,0.116611061433144,0.3849665816185035,0.34146340976371214,0.1627906928198427,0.3317073122027365,1,1.0666666666666667,7.558333333333334,1.833639705882353,0.8750338313410567
0.6330275229357798,0.6906077348066298,0.5505452400914517,0.45687939844348696,0.3803504355943907,0.6674766586140315,0.5887096724193549,0.36551723637931044,0.5725806401612904,1,1.0909090909090908,1.1893939393939394,0.9269087523277467,0.9914884535164484
0.2894736842105263,0.2803717696468248,0.15724063258177415,0.08880056707664627,0.04924781327235813,0.21926573246860048,0.28688524095001355,0.10169491038115508,0.26229507701558724,2,0.8333333333333334,2.416666666666668,0.8651162790697674,0.9781908152450569
0.2742857142857143,0.31521739130434784,0.16578569043980404,0.09887399927508873,0.06203876700463139,0.24693924094044314,0.28176795081636713,0.085836904878705,0.25414364142410184,21,2.75,11.765151515151516,0.4866115702479339,0.9275716897498828
0.5238095238095238,0.680672268907563,0.5370479056163738,0.43693502936282425,0.3441371318002007,0.6621822135968697,0.6103896053896104,0.39106144751786776,0.5974025924025975,0,1.0,0.545454545454545,1.0530973451327432,0.9776796695833601
0.42962962962962964,0.35102040816326535,0.23202906265080514,0.16130924498637444,0.09946148375188534,0.41421566495289297,0.3790849623894656,0.15676959124243278,0.36601306696462904,18,3.0,11.962962962962962,0.6027060270602707,0.8778432369141144
0.31451612903225806,0.30726256983240224,0.1609127502347896,0.09801858681303587,0.05619776666632141,0.24744158071773856,0.25454544955206615,0.08627450480399874,0.23636363137024802,4,0.6363636363636364,12.389610389610391,1.9399014778325125,0.8663312055256771
0.4766355140186916,0.5449101796407185,0.40105732849222514,0.31513447653070165,0.24638780162067186,0.47154249249796787,0.475728150341691,0.2540983556678313,0.45631067461353575,1,1.0769230769230769,0.37912087912087955,0.9691964285714285,0.9545891788945076
0.37623762376237624,0.3522316755240201,0.19749926849810895,0.1050732277638594,0.05907492024177031,0.2937801308967436,0.36548222853152623,0.14785991722630185,0.32487309147568866,2,1.2857142857142858,7.412698412698415,0.7133210558624923,0.8896553066520225
0.5760869565217391,0.6023391812865497,0.4374142994345809,0.3509888504422831,0.27518824695294947,0.6392585983848295,0.551020403163786,0.33043477760869566,0.5204081582658269,6,1.4615384615384615,2.0769230769230766,0.8125,0.9637614461118432
0.4090909090909091,0.3335569734762148,0.1861348208520576,0.11656428922664343,0.07259936051334291,0.30972523520892975,0.32608695165465507,0.10280373341601909,0.31521738643726377,4,0.6,6.300000000000001,1.3888888888888888,0.9329912301885395
0.7093023255813954,0.7314814814814815,0.6061698280722295,0.5128822185132067,0.4355905941582455,0.7883381902696917,0.7088607544944722,0.536741209058784,0.7004219359290713,4,1.3333333333333333,2.583333333333332,0.839378238341969,0.963513798746227
0.36893203883495146,0.36981132075471695,0.22142270888314072,0.15258124527854028,0.10060914143256584,0.3593842683147654,0.38277511462283376,0.12075471198177307,0.38277511462283376,2,1.1428571428571428,2.7767857142857135,1.201424870466321,0.8820433603167805
0.36666666666666664,0.36929460580912865,0.20756774960896907,0.11049345778590207,0.06315257271927079,0.27795109392637923,0.33333332833564583,0.09836065073770517,0.31182795199155977,9,1.6923076923076923,4.276223776223775,0.7192378328741966,0.8602931765505736
0.5035460992907801,0.6408968235777964,0.5011779219769404,0.40826360339930495,0.3314315328831279,0.5473230974525777,0.48837208803153737,0.29147981563423764,0.47093022756642106,8,1.8888888888888888,18.27450980392157,0.49703184025903935,0.993602968841674
0.2956521739130435,0.2653061224489796,0.132992762321609,0.0733553359880353,0.037075689927984684,0.19710461074251834,0.23008849060028205,0.04946995967186555,0.1946902605117865,0,1.0,2.3333333333333357,1.12,0.9034377395023101
0.45098039215686275,0.4362745098039216,0.2781526174349563,0.18613177634354988,0.09779463455838264,0.3854372761574448,0.36974789416849096,0.11194029351442437,0.35294117147941534,3,1.25,1.6500000000000004,0.8918032786885246,0.9173155604799208
0.28085106382978725,0.2061781665356195,0.13409284392679197,0.0966646453014014,0.07156068335232268,0.18173958014809347,0.22159090465279582,0.06808510203712115,0.21590908647097765,12,0.14285714285714285,92.92857142857143,3.3784277879341866,0.8426964020002323
0.56,0.6316276422162176,0.5052939573584594,0.4259506350876953,0.35584571841239915,0.585193924050633,0.5943775050537896,0.37086092216635236,0.5863453765397333,1,1.0909090909090908,2.6136363636363633,0.849476439790576,0.9971920919411495
0.33088235294117646,0.29329608938547486,0.17656593211101707,0.10098052780695221,0.06469162026414538,0.3377587209634493,0.26181817681983477,0.09340658840719747,0.25454544954710745,42,3.1,12.801612903225807,0.4742664105451414,0.7727841422216525
0.449438202247191,0.5059523809523809,0.34811808202176225,0.26682350082920575,0.19473146145079703,0.48907200474773727,0.4040403990424447,0.2316602266603063,0.4040403990424447,1,0.9,2.9666666666666686,1.18895966029724,0.979435737558304
0.494949494949495,0.6105063665250837,0.48859426310381904,0.40376978468524966,0.33438078634008994,0.546085554866708,0.5178571378607303,0.3371647459596894,0.5089285664321589,1,0.9230769230769231,0.4551282051282044,1.0365226337448559,0.9953419586089629
0.3706896551724138,0.43985877513540955,0.28819864134079426,0.21801597304732745,0.1628660868170075,0.4016926923501829,0.3544303747668643,0.16370106262636,0.3544303747668643,0,1.0,1.0909090909090917,0.9354838709677419,0.9347621738059744
0.515625,0.6442307692307693,0.5246002069644319,0.4213070897611013,0.32775911562530374,0.7161065292815217,0.6618704986035919,0.42666666168088896,0.6618704986035919,1,1.0666666666666667,0.5666666666666664,1.095505617977528,0.9908381041300861
0.6333333333333333,0.5080645161290323,0.35202013389239206,0.23354233581752473,0.14167974319405288,0.5339002396252261,0.504065035653381,0.2361111061265433,0.504065035653381,2,0.8,6.0,1.631578947368421,0.8936667124713045
0.6753246753246753,0.7251855841734518,0.6168992847212426,0.5372034197065966,0.4712005281465173,0.7174200614474282,0.6702702652821038,0.5098039165806422,0.659459454471293,1,0.9333333333333333,0.46190476190476204,1.0487927565392354,0.9694297708772038
0.5652173913043478,0.43272727272727274,0.2753293256412444,0.19647629602299105,0.13884130711792814,0.5086383346528469,0.46399999502048,0.21926909800245042,0.45599999502048,11,1.55,0.12096774193548399,1.0138248847926268,0.8145300315953158
0.6190476190476191,0.7159913725256958,0.5944104231581456,0.49676807518582133,0.416279247224117,0.673226630395748,0.6236559090154932,0.45762711365304515,0.6129032208434502,1,1.05,0.5119047619047619,0.9339477726574501,0.9822436007004154
0.24285714285714285,0.4195804195804196,0.26629870539014133,0.18519577747503096,0.11459298960055252,0.3011875456225636,0.31724137432960764,0.14207649775030623,0.3034482708813318,0,1.0,1.1111111111111107,1.075187969924812,0.8431967556146778
0.4823529411764706,0.4,0.2721655269759087,0.18787861950640877,0.10776101849174144,0.4741215228759601,0.509090904092562,0.23999999500088898,0.509090904092562,8,1.7272727272727273,2.6363636363636367,0.7913669064748201,0.892756193256997
0.32407407407407407,0.40119760479041916,0.2692686228047825,0.17211252615081973,0.11017970338310747,0.4106867650914924,0.3655913928517748,0.17674418104748527,0.3655913928517748,0,1.0,3.2727272727272734,1.2748091603053435,0.9117313879717288
0.4945054945054945,0.4748603351955307,0.32255609278430813,0.23814845677749621,0.17580152966967036,0.4734150147373288,0.4509803871645522,0.22317596067638024,0.4411764655959247,2,1.1333333333333333,1.2627450980392148,1.136267456622937,0.9591689365920247
0.42857142857142855,0.3171247357293869,0.2121687712341532,0.1509735640671926,0.1070580105904716,0.2983633653098263,0.43307086116684235,0.18428183787428135,0.4251968454188108,2,1.125,2.7777777777777786,1.1182033096926713,0.8138285271320675
0.5818181818181818,0.6456692913385826,0.4694118197999801,0.35691561804785044,0.27460540667606703,0.6352316887565801,0.5641025591058515,0.2857142807142858,0.5512820462853387,1,0.9,1.81111111111111,1.147244805781391,0.9879647727274482
0.8283582089552238,0.6267123287671232,0.5331809084074949,0.43869032318348394,0.35055173738331386,0.8045563993692246,0.772881350932261,0.491712702186136,0.7593220288983626,2,0.8181818181818182,12.626262626262626,1.6371049949031602,0.8795209179494257
0.7846153846153846,0.7709923664122137,0.6973652284784357,0.6412234351165109,0.5808172470229345,0.8091472897266306,0.7558139484883721,0.5948717898729783,0.7558139484883721,5,0.6153846153846154,6.451923076923077,1.6501937984496124,0.9953486164146658
0.3619047619047619,0.5294074045852746,0.3817846762512476,0.279667131169645,0.20920068612575682,0.4534191568931022,0.3720930182689021,0.231343278599911,0.3720930182689021,5,1.5555555555555556,7.095238095238097,0.6198979591836734,0.9801099743248629
0.32954545454545453,0.5014857767562595,0.3508856814822926,0.26928319526218986,0.20583665274267035,0.4101786075642192,0.4530386690345228,0.22119815169487578,0.4530386690345228,2,0.8,1.9749999999999996,1.1420863309352518,0.9876439331808703
0.759493670886076,0.7085427135678392,0.601915855718989,0.5282153826898018,0.45967305895537036,0.7203378117876693,0.6824644499854002,0.45517240881688464,0.6540284310280543,1,1.05,0.552380952380954,1.0300207039337475,0.9728451907165143
0.4523809523809524,0.5603448275862069,0.39486964808720076,0.27732625775921116,0.18881147171186616,0.45513661854194004,0.455089815360895,0.20618556201084082,0.455089815360895,4,0.6363636363636364,6.025974025974028,1.5714285714285716,0.9924426127182283
0.34513274336283184,0.41509433962264153,0.24443491500388398,0.13844010748863167,0.08310134112355426,0.34182237272859084,0.3388429702189058,0.10702340637800496,0.3388429702189058,8,1.4705882352941178,1.0470588235294116,0.9101010101010101,0.875348072991957
0.2839506172839506,0.3412698412698413,0.19550504398153573,0.12535019516027374,0.0819531045940718,0.2504227628066851,0.33540372170826743,0.07920791579207953,0.2981366409629258,9,0.1,113.7,10.24390243902439,0.9196385509513871
0.48412698412698413,0.5414634146341464,0.39572681619515515,0.29478597532524947,0.2165666155322169,0.4604019210635374,0.5249999950500002,0.3028391117455642,0.4999999950500001,19,2.9,13.231034482758622,0.3482249023271615,0.9607412276463381
0.6610169491525424,0.6040816326530613,0.5146888869839178,0.4470840615134879,0.38185852031997136,0.684337300076108,0.581967208120129,0.4414715669068579,0.581967208120129,10,1.9090909090909092,7.0606060606060606,0.6229773462783171,0.9743491732827367
0.22388059701492538,0.29922779922779924,0.1540450069148496,0.07356863994206184,0.02907247977701965,0.22162955149246866,0.2461538412295859,0.05063290658240712,0.23076922584497053,9,1.75,11.249999999999996,0.6867749419953597,0.7156957241903782
0.6666666666666666,0.7713004484304933,0.664258568423284,0.5797524406425467,0.5021845731200433,0.8238364322319756,0.6598984721863485,0.5413533784869129,0.6598984721863485,1,0.9411764705882353,1.8786764705882355,1.1557926829268292,0.9475635744394876
0.7397260273972602,0.6801801801801802,0.605186637534956,0.5460054531925991,0.49000729686633415,0.8153514769620667,0.7135678341991365,0.5590551131105462,0.7135678341991365,3,0.8421052631578947,4.453947368421053,1.4727653631284916,0.933510593775496
0.6972477064220184,0.7352812959675804,0.6222748185162725,0.5451026654156904,0.47175138871541683,0.7309317406378751,0.6693548337100026,0.4982456090351493,0.6612903175809705,1,0.9166666666666666,1.1969696969696972,1.0844919786096257,0.9944259060260577
0.4050632911392405,0.40437158469945356,0.22605730149880127,0.13389673951613176,0.059517406213131605,0.36018516196971206,0.40609136556468867,0.13991769049772243,0.3553299442448917,5,1.5,1.5,0.8905109489051095,0.9090903136919795
0.717391304347826,0.7198581560283688,0.6281027071881741,0.5607984124219612,0.4967153380486096,0.7745473528729089,0.7338709627422607,0.549520761773214,0.7177419304841962,0,1.0,2.0714285714285694,1.1146245059288535,0.9808802740302401
0.6179775280898876,0.5276073619631901,0.40353658865547826,0.29315674891949606,0.21467912368240036,0.4787719031643424,0.5212121162211204,0.2959641205831608,0.49696969197869606,2,0.9166666666666666,1.6174242424242422,1.279267495094833,0.9670384300734336
0.4766355140186916,0.38613861386138615,0.2675852428161394,0.19354832645024664,0.1406115098362412,0.4426223115414091,0.3538461490026628,0.12698412211519294,0.31538461054112427,8,1.7272727272727273,2.143540669856458,0.8815128272943666,0.925797443130929
0.5970149253731343,0.5873230476686626,0.4436329121963888,0.3277804888686729,0.23384042070295866,0.5588907459535538,0.5769230719238989,0.2628571378703674,0.5384615334623603,1,1.1,1.9727272727272727,0.8313908313908314,0.9916334970333347
0.3125,0.28905367362593504,0.15157584856509773,0.0550056263497362,0.01792981365586648,0.22175625728969736,0.2732240387948282,0.08333332840577877,0.2404371535489266,6,0.5384615384615384,5.967032967032965,1.520613614573346,0.9699786135816525
0.36363636363636365,0.2505341500312674,0.196686400288807,0.16726639181479935,0.1456821096760545,0.31021663546402783,0.33536584928390845,0.17777777356793178,0.32926828830829863,3,0.7857142857142857,10.597402597402596,0.6234425473004154,0.9477787755628587
0.3283582089552239,0.3714371858394321,0.2442858765519206,0.18388958647352854,0.12805564706566305,0.27891558684210277,0.30303029803489445,0.09150326297407009,0.30303029803489445,5,0.5,10.5,1.9292035398230087,0.9510074450004525
0.5714285714285714,0.5465116279069767,0.3957306497834386,0.30930362442211634,0.23803716064991007,0.5681969327337415,0.493023250822715,0.2460317410345806,0.465116274078529,3,1.2727272727272727,2.44155844155844,0.834215167548501,0.9455521991620972
0.6931818181818182,0.6327272727272727,0.5726340493535969,0.5320273321560869,0.49099595980654887,0.748283958271007,0.7046263295302745,0.5783783734070125,0.7046263295302745,2,1.1666666666666667,1.7261904761904745,1.096345514950166,0.9929859854026439
0.45161290322580644,0.3924050632911392,0.26922567470436276,0.19420297155322985,0.14183310319025755,0.39558348708487084,0.36458332835286467,0.17475727657036494,0.354166661686198,0,1.0,2.5,1.1879699248120301,0.8760181509178224
0.5308641975308642,0.4230769230769231,0.2904191960316936,0.21322366015252633,0.15235982727204442,0.4273110245443239,0.44247787110776104,0.18918918420379854,0.43362831358563714,1,1.0625,3.227941176470587,1.2134175984443363,0.789388074173827
0.2912621359223301,0.3739130434782609,0.20996622907823073,0.12720381499339914,0.08078431546688229,0.3179598919315467,0.3454545404582645,0.11258277647471623,0.3272727222764463,4,1.3333333333333333,1.9583333333333321,0.8801020408163266,0.9002717991160613
0.6265060240963856,0.5170731707317073,0.36996257905303015,0.27903572737132654,0.2159047983932979,0.5670552678590846,0.48484847984899504,0.30232557639805313,0.4646464596469748,3,0.8125,5.39423076923077,1.519925857275255,0.9044127007838317
0.6385542168674698,0.6513157894736842,0.5494856430712662,0.465613733671518,0.3873267950238122,0.6713080228616811,0.6091370508407844,0.41004183600427163,0.598984766576825,3,1.2307692307692308,1.5,0.8636363636363636,0.9757441746287081
0.008849557522123894,0.005103124124447087,0.001834150926091588,0.00030326334610448986,0.00011632233620203233,0.035728463676061924,0.06952964846751249,0.0067796579270594055,0.06952964846751249,4,0.8,41.55,0.24178832116788324,0.6058247694756127
0.3401360544217687,0.23162583518930957,0.1181507204624004,0.06474797942881799,0.027357731847049878,0.3003582011476472,0.30555555055772576,0.07999999500430255,0.27777777277994803,1,0.9473684210526315,12.418128654970758,1.991363211951447,0.7473400703965933
0.6935483870967742,0.6370757180156658,0.514946851231181,0.4308240053811978,0.3612252407006089,0.6384406495214384,0.6238532060129619,0.3963133590579541,0.5993883742086806,14,1.875,8.483333333333333,0.6007843137254902,0.9819561058815554
0.75,0.6901374971745028,0.6308167563348489,0.5950397410136747,0.5603975736544923,0.6983113456154109,0.6985645883070444,0.6319444394791667,0.6985645883070444,4,0.7894736842105263,1.4561403508771917,1.1298904538341157,0.9857268781670803
0.5462184873949579,0.611764705882353,0.447110013889883,0.3325093480953184,0.2437053501676592,0.5486490019312019,0.4981684931701754,0.21021020521133757,0.49084248584416806,1,0.9411764705882353,2.702205882352942,1.2041666666666668,0.968286863402572
0.7614678899082569,0.7640117994100295,0.6922446584016236,0.6401430511241201,0.5915679546460124,0.780505243088656,0.6750788593573426,0.5291262085927044,0.6750788593573426,7,1.411764705882353,4.227941176470587,0.7696314102564104,0.9826703381739191
0.6442307692307693,0.6142857142857143,0.46320527316238624,0.35767962074030113,0.2732050848947699,0.5114129662425116,0.5427509243714157,0.29585798316848155,0.5278810358955792,7,1.7777777777777777,10.208333333333332,0.5625,0.990323780998379
0.4444444444444444,0.5924170616113744,0.456898772571498,0.3511601175306456,0.26097678217894277,0.5298807010810465,0.486956516757656,0.2558922508991147,0.486956516757656,2,1.1111111111111112,0.061111111111110006,0.9942408376963352,0.9701872781866605
0.3978494623655914,0.3626081732423835,0.26012224259205713,0.18467980523526986,0.12575289691911432,0.33114851513044236,0.3980099455706542,0.17358490101929527,0.3980099455706542,8,0.5555555555555556,2.2555555555555546,1.18125,0.9494956321026158
0.53125,0.5546274566933762,0.43325721117356925,0.35746669850543095,0.2994671634308781,0.48644298316758805,0.5727699481319845,0.3515624951101685,0.5446009340474774,1,0.9,2.7777777777777786,0.845679012345679,0.9964314900872915
0.5638297872340425,0.4834710743801653,0.33517432242340495,0.23342651357896896,0.14631439259712134,0.4892126342062249,0.44067796110205404,0.15699658203357073,0.40677965601730826,3,0.8333333333333334,5.244444444444444,1.4816326530612245,0.9194119842381189
0.7341772151898734,0.7566371681415929,0.6662535593223757,0.5975457850322916,0.535041945030065,0.726964388053426,0.719008259464176,0.5286624153951479,0.719008259464176,2,0.9047619047619048,1.5614035087719298,1.1511035653650254,0.9672208226375272
0.6363636363636364,0.5503355704697986,0.43547980756520177,0.3528692175368061,0.2892329445323782,0.6329152958838878,0.5494505444559836,0.3800904927605905,0.5494505444559836,2,1.1818181818181819,0.4615384615384617,1.0419580419580419,0.9488797004533519
0.5277777777777778,0.4652014652014652,0.36053122241451363,0.2820087379942143,0.20707289929051462,0.5581414415056678,0.5175438546552786,0.307692302699075,0.5175438546552786,2,0.8,15.024999999999999,1.7866492146596857,0.8724029898091709
0.39,0.3257328990228013,0.1957588249149812,0.12884771997573902,0.07936611596289163,0.348894662773148,0.35071089547943674,0.1197183048631226,0.3412322224936547,3,1.2142857142857142,2.1302521008403357,1.1337378000527565,0.9582157885550341
0.17796610169491525,0.12520313076556802,0.050298525570659135,0.024213253261479932,0.009022946622781535,0.1074147948887605,0.17435896953898763,0.033333328568056236,0.15384614902616717,16,0.1111111111111111,48.05555555555556,5.832402234636872,0.8644258484122462
0.2682926829268293,0.2803156272586383,0.11246347347209928,0.0428718048993947,0.014227240946870445,0.19122096679515602,0.2300884906226017,0.03546098795030501,0.21238937557835394,10,0.3333333333333333,21.53333333333333,2.8146067415730336,0.9513861550695013
0.5492957746478874,0.6166477976692519,0.5178002001737139,0.4474936542965005,0.37867440156091486,0.626680593686261,0.6399999950035555,0.4047618997682823,0.6399999950035555,1,0.9230769230769231,0.006410256410257276,1.0007062146892656,0.9750200843401315
0.3466666666666667,0.2934131736526946,0.17334456167073176,0.11086472844074001,0.06949090796254608,0.34947231645814386,0.30379746353469006,0.07650272740302817,0.2911392356865888,3,1.2727272727272727,3.292207792207792,1.3812030075187969,0.9269975321047037
0.3953488372093023,0.379746835443038,0.22691649638415315,0.12315127342711678,0.062214569516078615,0.31327301191651186,0.37948717456936226,0.10970463639730123,0.37948717456936226,1,0.9375,5.675000000000001,1.560493827160494,0.9452836322797945
0.5555555555555556,0.5769230769230769,0.41487431468165803,0.31643498124577224,0.24180867843074072,0.498852492958735,0.5436893153888208,0.2548262498281183,0.5242718396606656,9,1.8181818181818181,6.081818181818182,0.5994011976047904,0.9662956094784438
0.26666666666666666,0.3349946683455346,0.1964659971049015,0.13627570567892008,0.09835843527831316,0.24928466923134732,0.3437499950439453,0.08588956559449011,0.2968749950439453,10,0.09090909090909091,101.18181818181819,9.561538461538461,0.9198880967501857
0.6857142857142857,0.622568093385214,0.5265333361579332,0.4574749362890309,0.39023769005722664,0.610804413061421,0.5772357673659859,0.38823528911833916,0.5772357673659859,2,0.875,3.2321428571428577,1.2136953955135774,0.970761923737212
0.6235294117647059,0.680628272251309,0.5771911537755003,0.4941323294683921,0.41886361876715866,0.6940818462233456,0.6139534833808546,0.44528301387995733,0.6139534833808546,1,1.0625,0.11029411764705799,1.0099140779907467,0.9695124424793787
0.5568181818181818,0.5709219858156028,0.4462192087323678,0.3569677319920419,0.28018678397007574,0.6446161958662708,0.6022304782714446,0.3498542224052904,0.5873605897956081,5,1.3333333333333333,0.7666666666666675,0.9484304932735426,0.935984661246797
0.5114503816793893,0.4812680115273775,0.3478684764202438,0.2598144231523801,0.1851297748284637,0.4864475700241953,0.5054151574580669,0.26881719931032494,0.48375450763857214,25,3.272727272727273,15.088383838383837,0.3898080065359477,0.921002522279214
0.175,0.12205297400946147,0.05399252807620731,0.027974358207693156,0.01621937012349156,0.1277990980280023,0.1556420186467624,0.025236588419429842,0.1478599174794472,11,0.08333333333333333,135.66666666666666,7.359375,0.9194870322768126
0.5529411764705883,0.5806451612903226,0.5026115293072204,0.44194009090391156,0.3858246851446348,0.607511135347852,0.5299999950245,0.4224137881272295,0.5299999950245,5,0.7058823529411765,4.857843137254902,1.6027980535279804,0.9814654212270824
0.4805194805194805,0.4763524381544622,0.3330445613494228,0.24566191237238336,0.17713023516237655,0.45995039341446387,0.4245810006554103,0.21782177724879925,0.4245810006554103,0,1.0,2.1999999999999993,0.8333333333333334,0.9866594536338023
0.6533333333333333,0.6236713233544118,0.48471213875989727,0.3968328990481091,0.3310602894085479,0.5943759652599457,0.5583756295642764,0.370044047898465,0.5583756295642764,0,1.0,0.8333333333333339,0.9375,0.9647386789983852
0.30701754385964913,0.36734693877551017,0.17361246292862856,0.07954242662062562,0.039421305544923,0.26844562413637835,0.2966101644918846,0.055363316799368276,0.2796610119495117,9,1.8181818181818181,5.836363636363636,0.6267441860465116,0.9508602997942149
0.569620253164557,0.5681818181818182,0.4165220660492055,0.31675973343418734,0.24442212475021521,0.5198528825967738,0.506172834506173,0.24083769133850508,0.506172834506173,1,1.0714285714285714,0.1999999999999993,0.9777777777777779,0.9474859589498796
0.5,0.4661684701934381,0.35428022456720937,0.2848726618169107,0.23139011771928106,0.4406114794122861,0.5161290274014699,0.27922077439808574,0.5080645112724376,3,1.2307692307692308,6.6875,0.6066176470588235,0.9698661912073673
0.6235294117647059,0.7021276595744681,0.5748156367656833,0.4723683869865907,0.3887282303951665,0.5979163854938464,0.6666666616739231,0.4644194706639173,0.6380952331024944,1,1.0588235294117647,0.0849673202614376,0.9919304779639976,0.9796323169381221
0.4375,0.4911570256997267,0.31840434819344593,0.1909119946731964,0.1163063731878059,0.36623089207348514,0.42922373935739455,0.10852712690313104,0.4109588991747462,5,0.6875,2.8352272727272734,1.2478887232985594,0.9634855140932168
0.26666666666666666,0.20454545454545456,0.11019059679219309,0.04959805534941736,0.015052225282347557,0.2659303087840946,0.21229049800692873,0.05741626315423222,0.21229049800692873,6,1.5454545454545454,3.759358288770054,1.4094350611531743,0.8368133913308216
0.6862745098039216,0.6768091757692853,0.5099261657720768,0.40978645910772765,0.32882511073521453,0.5986978342547957,0.6113989587568794,0.38273920702230635,0.6062176116066205,17,1.7727272727272727,7.182983682983684,0.5445946944506022,0.982900448084506
0.19444444444444445,0.14614241431736347,0.07143629763814233,0.03506950300775696,0.011208060945539892,0.1475458005933367,0.2300884910278801,0.037878783434343956,0.22123893350575624,3,0.7,4.514285714285716,0.7829670329670328,0.9294025333500778
0.30097087378640774,0.39297017739261525,0.23875258426294746,0.15779938474101532,0.09853480458499521,0.3060154153332326,0.3203463153539102,0.12751677352709356,0.31168830669590153,6,0.6,6.777777777777777,1.5083333333333333,0.9873826297793143
0.5802469135802469,0.5352941176470588,0.40191847623425014,0.299729190114401,0.2159909215087924,0.5915062189960333,0.5549738169896659,0.28085105882987776,0.5235602044242209,0,1.0,2.7272727272727284,1.2142857142857144,0.9371498202765084
0.6111111111111112,0.524390243902439,0.40505928096799504,0.2972641357939746,0.220384926969,0.4784335484624595,0.49704141513952593,0.290748893713443,0.49704141513952593,2,0.9166666666666666,1.6628787878787872,1.2871157619359057,0.95163726878145
0.4857142857142857,0.43313373253493015,0.326421350716513,0.25667829947502446,0.19568761184856642,0.5071988898506941,0.4210526266570723,0.24944320218173527,0.4210526266570723,10,1.625,0.01923076923077005,1.000999000999001,0.8286415238625641
0.6984126984126984,0.8039010080524136,0.7075343173716134,0.6259161392052828,0.5429570952229784,0.7728940077385689,0.691489356747963,0.499999995013377,0.6595744631309417,1,1.1,2.218181818181815,0.8794466403162057,0.9873748273606939
0.6666666666666666,0.6794871794871795,0.5499830811744701,0.4389559958544698,0.3473560684654998,0.7734959155570544,0.6543209826573693,0.46511627407506767,0.5925925875956409,0,1.0,0.708333333333333,1.1223021582733812,0.9755222220458116
0.3046875,0.3076647035327605,0.22461396056450295,0.18101317946841272,0.15172207017074804,0.336307374386178,0.3779527512034224,0.1958041911572694,0.37007873545539094,3,1.2727272727272727,11.266233766233768,0.48577356253704795,0.9552463803250403
0.5942028985507246,0.7193527912129116,0.5834170265920685,0.45855282377883627,0.34327927506477907,0.6919160512443008,0.6590909040934918,0.3495145581086813,0.6590909040934918,0,1.0,0.25,0.9696969696969697,0.9940253687322609
0.68,0.6371308016877637,0.4559357658536638,0.35256048142384083,0.2693337077350033,0.6091927540533542,0.6288209556995481,0.37499999500086567,0.6288209556995481,9,1.5625,3.3324999999999996,0.7399024390243902,0.9529603963339789
0.5507246376811594,0.5811965811965812,0.46415898167669506,0.3867406185087338,0.3151160464270168,0.6073341434872626,0.5660377308587476,0.3121387233318855,0.5408804981543452,0,1.0,1.799999999999999,1.1818181818181817,0.9940060566386885
0.5241935483870968,0.5953079178885631,0.4843772867029665,0.4072904036660487,0.3391336740826794,0.519208878346727,0.6231453956128874,0.42794759327768356,0.6172106775119972,4,1.2352941176470589,2.4089635854341758,0.8708126783836562,0.9265751342461276
0.5641025641025641,0.580856106730831,0.41584762450026447,0.3152939554173971,0.24221890240748825,0.517063921558265,0.5024154539401154,0.24999999501953132,0.47342994669373856,0,1.0,0.3636363636363651,0.9776536312849161,0.9605858597083967
0.810126582278481,0.5186915887850467,0.4302011798604811,0.36494075042121243,0.305524337625995,0.7805297684317358,0.5714285664473138,0.43153526472891307,0.5714285664473138,9,0.25,60.08333333333333,6.34074074074074,0.8838155199728838
0.7093023255813954,0.7638190954773869,0.6860291599665793,0.6214008739605883,0.557406474620092,0.8413888100528799,0.7644444394469136,0.6107382500371605,0.7644444394469136,0,1.0,1.384615384615385,1.0994475138121547,0.9944155293680973
0.6821705426356589,0.7939814814814815,0.7117588870131827,0.6461761249178543,0.5813217574270405,0.7456743649109423,0.6764705832485404,0.5320196994540028,0.647058818542658,3,0.7692307692307693,11.200000000000003,1.35,0.9873692889989055
0.688,0.7324119661361193,0.6370252497940331,0.5576443257757526,0.4828979742373161,0.6636874970963259,0.6991403961579954,0.5167037811987044,0.6991403961579954,4,1.3076923076923077,6.162895927601811,0.7158948685857321,0.9968101143534354
0.37755102040816324,0.5029940119760479,0.38923543065182703,0.295202820001343,0.21448512814999113,0.48420318867790807,0.4742267991667553,0.2796610119850618,0.4742267991667553,7,1.6363636363636365,3.449494949494948,0.728968253968254,0.976736846918802
0.17272727272727273,0.25,0.09016696346674324,0.019580896376408932,0.008614645724710553,0.16591623112449508,0.22727272228886888,0.03960395540829394,0.2045454495615962,6,0.45454545454545453,13.981818181818182,2.292436974789916,0.952528250163514
0.780952380952381,0.7543859649122807,0.68936922257441,0.636563356087041,0.582773226300183,0.8118779054663157,0.77536231384163,0.6506024046387358,0.77536231384163,2,1.1333333333333333,0.32156862745097925,0.9765848086807539,0.9874178598189461
0.425,0.5718264068194935,0.3986219025994205,0.311623529163422,0.25197772508247457,0.4764011424219065,0.4919786046578398,0.24888888391743214,0.4919786046578398,0,1.0,1.3000000000000007,0.9121621621621622,0.9730115004301196
0.41284403669724773,0.36363636363636365,0.2554224769107643,0.18449069738623658,0.12537844776342003,0.48987218969525165,0.35242290252401565,0.1979522134790156,0.35242290252401565,19,2.727272727272727,6.3606060606060595,0.6411965811965813,0.7832363877116802
0.38524590163934425,0.30447761194029854,0.16537317949906993,0.09895550042826291,0.06356571593018057,0.33902197632927095,0.2977099186667444,0.09384163722981423,0.2900763308804849,12,2.090909090909091,8.525691699604742,0.6307771311194796,0.9261972344908563
0.32673267326732675,0.18983969914627832,0.08521509251802457,0.03236999860953107,0.01076232276992683,0.14608809965928923,0.23645319723846744,0.036764701213506217,0.20689654699216203,13,0.07142857142857142,119.92857142857143,8.957345971563981,0.923552908867095
0.3125,0.2,0.10463701596227337,0.044503949422803876,0.013104404316564172,0.2965326131395845,0.24999999543646695,0.05555555111111147,0.23863635907283065,10,2.0,4.15,1.4322916666666667,0.8592456981490421
0.4805194805194805,0.44346740775751275,0.3441991244502717,0.2674186502034749,0.20816976636284912,0.4271496433561292,0.4590163885681866,0.2723004646511936,0.4590163885681866,1,1.1111111111111112,5.622222222222222,0.6735483870967742,0.9793712564974872
0.4,0.36936559092790355,0.23092638918109273,0.14637589139432014,0.10414649054968567,0.2691385804495079,0.3715846945193944,0.12875535990716372,0.3606557327707606,15,0.25,19.0,3.1590909090909087,0.9730451612378318
0.726027397260274,0.6768707482993197,0.4901575905361133,0.3823796234424582,0.30271784179130423,0.575537928519329,0.6028708083972437,0.3624161023845772,0.6028708083972437,7,1.35,2.7111111111111104,0.8006535947712419,0.9190984621534938
0.34545454545454546,0.2096124157073617,0.13207132360244767,0.08389419724159389,0.05755682977553594,0.1808532708964679,0.30136985856925425,0.09701492098824924,0.30136985856925425,6,0.45454545454545453,3.7272727272727266,1.1673469387755102,0.9456741736246592
0.4066666666666667,0.34195402298850575,0.21521277642549863,0.1416242748423174,0.08260484834131489,0.39023236913468895,0.35294117147144266,0.14683543804723617,0.3333333283341877,16,2.142857142857143,4.971428571428573,0.7,0.8746192173199323
0.4689655172413793,0.5152548871900188,0.3447440739438692,0.23002626750034033,0.15205277096357425,0.4042464836555325,0.4438040296589126,0.19134395859714315,0.4207492746156849,6,1.4,6.638095238095238,0.6518481518481519,0.9839578083621034
0.37719298245614036,0.36754176610978523,0.2765825869357212,0.22330103211011915,0.1765663617907286,0.5178588786783448,0.3818181769111571,0.11072663875432548,0.37272726782024795,2,0.8461538461538461,21.013986013986017,2.2305487305487306,0.8351548940916049
0.5384615384615384,0.5608377849428416,0.4358497608242059,0.3509705994060356,0.28244635422282444,0.5118934096206824,0.5665236001834626,0.3262411298010664,0.5665236001834626,2,0.8333333333333334,0.6166666666666654,0.9612565445026179,0.997435800115414
0.3888888888888889,0.4913206949194564,0.3423995760481271,0.24597590283038698,0.17194335947155032,0.3972580902628946,0.4802631529163781,0.18817203804775132,0.47368420554795704,3,1.1666666666666667,2.5396825396825413,0.8156682027649769,0.9424850555900394
0.3368421052631579,0.3783783783783784,0.24479415346620598,0.151265195730939,0.08180115708398293,0.399927211815207,0.361809040226257,0.1328124950003054,0.34170853771369414,4,0.75,7.9375,1.7514792899408285,0.8501015448462802
0.5526315789473685,0.613608216442997,0.4856474156844445,0.3812605877525211,0.30166899752049176,0.6068748317646057,0.5814977923996196,0.3333333283708889,0.5726872197123951,1,1.0714285714285714,2.076190476190476,0.8531986531986532,0.955044886117022
0.3208955223880597,0.33875338753387535,0.19188804127437667,0.12436888647093172,0.07926432954131186,0.34902830587241224,0.3278688475106692,0.08060452904846835,0.32131147046148895,18,2.8,9.02142857142857,0.5936293436293436,0.8374301183202477
0.25806451612903225,0.21228573089942165,0.07455126315389926,0.042981360456895226,0.02386625535217342,0.1674949718716297,0.20487804398048792,0.03252032033544921,0.1853658488585367,6,0.4,14.0,1.6666666666666667,0.946708673125359
0.5194805194805194,0.6402877697841727,0.5320016478455637,0.44981027142006075,0.3772238621554824,0.6192942818067569,0.5744680801063831,0.4170616063772153,0.5744680801063831,3,1.3333333333333333,3.1944444444444446,0.7838345864661654,0.9783557179313661
0.5806451612903226,0.6551724137931034,0.5089416980015641,0.42185418997530844,0.343551833257855,0.6579445584806394,0.5736434058554174,0.2900763308851466,0.5736434058554174,0,1.0,0.33333333333333304,1.0481927710843373,0.992673435727635
0.48,0.6625514403292181,0.5099926544248016,0.3937732873219295,0.2982655235935038,0.6066475349884151,0.5923344897784362,0.30985914994104347,0.5714285664334884,6,1.3333333333333333,2.875,0.7788461538461539,0.9579163249101623
0.5633802816901409,0.4574468085106383,0.31669515993437897,0.2314640534383007,0.16296839424068277,0.5215362225804805,0.36781608696459256,0.19191918695184176,0.36781608696459256,1,0.9285714285714286,5.604395604395604,1.6327543424317617,0.9119161788881812
0.3983050847457627,0.5331367893515288,0.37468632742757696,0.260551528524481,0.17035128913127118,0.47251992869875215,0.42906573894948574,0.17464788232588788,0.4083044932747453,5,0.6666666666666666,6.899999999999999,1.46,0.9800492391001581
0.43283582089552236,0.6403508771929824,0.5160819996249667,0.42741710168106967,0.35044290376121023,0.6547331645163943,0.5441176420599049,0.40506328613924053,0.5441176420599049,1,1.0909090909090908,0.1363636363636367,0.9858490566037735,0.9754392460587374
0.34710743801652894,0.36944444444444446,0.2606149430881066,0.18930678974111068,0.13787612664787147,0.43087041529332404,0.40167363517165316,0.2114803575480327,0.40167363517165316,2,1.1333333333333333,5.109803921568627,1.3180375884793751,0.9114404677796872
0.6538461538461539,0.5770272071828089,0.4800877151216179,0.4004084146005156,0.3195076346869461,0.5491639485129068,0.6499999950125002,0.42553190992983253,0.6499999950125002,1,0.9,1.9555555555555557,0.8641975308641975,0.9587971520491403
0.47368421052631576,0.6,0.439645983268387,0.33951035569951055,0.2712133826960174,0.5122723856144149,0.5507246326822096,0.28215767134932257,0.5024154539382484,2,1.1818181818181819,2.0069930069930066,0.8518327310273619,0.9608135493214686
0.32222222222222224,0.37321359103030627,0.233554993017962,0.15805041388417546,0.10654599538646664,0.2672784312291945,0.2735849007355821,0.07547169324485613,0.2735849007355821,6,1.75,11.821428571428571,0.5409153952843273,0.8026459911042236
0.68,0.7121212121212122,0.5890870350303032,0.5067498944823489,0.43935836526310246,0.7951486210595521,0.7281553348062966,0.558490561039516,0.6893203833499859,1,1.1111111111111112,1.1333333333333329,1.0607142857142857,0.9770161848811271
0.3302752293577982,0.3499999999999999,0.19670655133137638,0.11858796240355347,0.07936729079760059,0.30121453105986473,0.3017241329343788,0.09558823029519922,0.27586206396886154,7,1.5833333333333333,3.140350877192981,0.7702182284980745,0.9679789274983848
0.3191489361702128,0.3539325842696629,0.18971859203308614,0.10947709419429412,0.051458257982438894,0.31742312577256526,0.31016042282478773,0.09090908591570276,0.31016042282478773,2,0.8461538461538461,5.797202797202798,1.5582491582491584,0.844299666648702
0.36666666666666664,0.4303030303030303,0.30303954161822394,0.202297204124322,0.13587217089456796,0.4945095789475924,0.4318181768239928,0.23076922578078785,0.4318181768239928,3,1.2142857142857142,1.2058823529411757,1.1418685121107266,0.9700180377449328
0.4666666666666667,0.3882978723404255,0.2577725639629855,0.1740600870779632,0.11285401096311852,0.4914444848455644,0.4096385493395268,0.14814814333977228,0.3855421637973581,10,2.0,2.1999999999999993,0.810344827586207,0.942492051772931
0.3017241379310345,0.3812154696132597,0.225452277171396,0.10672209701282684,0.02826337707171998,0.32612507305669197,0.3249999950086806,0.10071941946146704,0.29999999500868063,5,1.5555555555555556,5.9603174603174605,0.684453781512605,0.9660726353612347
0.7076923076923077,0.6382252559726962,0.5511920785592394,0.47754392965678255,0.40600998087731466,0.6369482443346499,0.7106227056281448,0.47208121327527125,0.6886446836501228,8,0.5294117647058824,16.20261437908497,1.9908073541167068,0.9535512697487933
0.4868421052631579,0.5454545454545454,0.3692744729379982,0.24302437971118696,0.14693583004158184,0.46006522489272944,0.487179482180309,0.23333332833333345,0.4743589693597962,6,1.5454545454545454,2.9732620320855627,0.7053524112347641,0.9768651650834228
0.22340425531914893,0.2787876407393593,0.1570145693207661,0.08826115728167701,0.05656591646190781,0.21554689291446916,0.27225130410898835,0.08163264835118728,0.23036648735506166,8,0.42857142857142855,9.095238095238097,1.6958105646630237,0.9482566983242032
0.2773722627737226,0.3344262295081967,0.20713127472644383,0.14185177297950666,0.09715135144632264,0.39594843269237384,0.26515151037649226,0.1268882127037908,0.2575757528007347,3,1.2727272727272727,3.4220779220779214,1.1863507779349363,0.9133923676506629
0.47863247863247865,0.48698884758364314,0.36669751820156227,0.2927548864505894,0.2265768682415061,0.490697204483544,0.4620938578175136,0.247126431785738,0.4548736412110154,9,1.6,3.7249999999999996,0.7505580357142857,0.9397747418342864
0.574468085106383,0.6831683168316832,0.5343249733854764,0.4212208610694415,0.32893645449555386,0.6255956339364361,0.572649567655417,0.35690235190377406,0.5555555505613997,0,1.0,0.625,1.0520833333333333,0.9642089466528271
0.35365853658536583,0.25093710937987845,0.11131279999275369,0.04712512624865639,0.022461136605724158,0.18639663863034517,0.2135922284060704,0.035353530782573805,0.2135922284060704,0,1.0,10.333333333333336,0.6395348837209301,0.8974486082022163
0.6074074074074074,0.7157894736842105,0.5961328303083016,0.5025699262739055,0.4191272932673733,0.6442261142340097,0.610644252706259,0.42950107959928663,0.599439770913542,4,1.3076923076923077,4.927601809954751,0.7728410513141427,0.99704349533655
0.28346456692913385,0.3076474478603729,0.16933830348643358,0.1013201371885295,0.05952342398906429,0.2407725564827014,0.3333333283521853,0.08480564875575951,0.31578946870306257,2,0.8333333333333334,0.43333333333333357,0.9775862068965517,0.9433446135332351
0.4883720930232558,0.48704663212435234,0.3631920468113421,0.26198062223911567,0.1778093507917747,0.605977499069716,0.5081081031082543,0.27184465519464607,0.4972972922974434,2,0.8888888888888888,4.729166666666667,1.6448863636363638,0.8763162201757716
0.64,0.7135416666666666,0.6019755507492189,0.5071518795779791,0.42879210144363256,0.70287444018337,0.656410251426167,0.4435797615430968,0.656410251426167,0,1.0,1.3333333333333321,1.0666666666666667,0.971304420945315
0.6029411764705882,0.7166568062962676,0.6153063317624068,0.5454687373655421,0.48021887130544627,0.6842253101394673,0.7113402011988522,0.5423728763688597,0.6907216444978214,4,1.4444444444444444,6.025641025641024,0.6523668639053255,0.978843158943229
0.4338235294117647,0.3829787234042553,0.2530947243657587,0.18661851658916392,0.13268564428759866,0.42125640211764614,0.3741007144244605,0.1501501451512776,0.3669064698201439,4,1.3076923076923077,0.9728506787330335,1.0623007823819184,0.8553927457491474
0.48148148148148145,0.4586894586894587,0.28505010305832423,0.19217944815365962,0.12086682228882956,0.38388773907414253,0.35897435403078004,0.08268733352936887,0.35164834670477263,0,1.0,3.0666666666666664,1.1508196721311474,0.9129008956266136
0.5948275862068966,0.6622516556291391,0.5429760548990196,0.4588330999979412,0.38687852512536386,0.6845617380662855,0.6040268406396109,0.39378237842626657,0.5906040218476646,3,1.1578947368421053,0.4306220095693778,0.9695843190266982,0.9806720671811155
0.6235294117647059,0.5736040609137056,0.498755313907884,0.45058497423720567,0.40068787377451953,0.7449547897029419,0.6601941697742484,0.4784313675712419,0.6504854319101707,2,1.1428571428571428,1.5267857142857135,1.1415562913907285,0.9774125564193664
0.56,0.5189873417721519,0.41059498874132505,0.34253244392787524,0.2785936310535231,0.5897243284665645,0.5581395298945376,0.33802816403270963,0.5581395298945376,1,0.9166666666666666,4.113636363636363,1.401330376940133,0.9276451998936438
0.4791666666666667,0.3346456692913386,0.18544666089699502,0.1170097252244125,0.05880938172669131,0.4071579471437404,0.33620689156510114,0.10566037237052356,0.29310344328923904,0,1.0,11.222222222222221,1.6601307189542482,0.8440495778039441
0.33116883116883117,0.39849624060150374,0.23267002029884437,0.13773654904072963,0.08996013873829864,0.34016808163965356,0.30107526384553135,0.09609609111237391,0.2867383462828073,4,1.2666666666666666,1.0666666666666664,0.9292035398230089,0.9000100631473309
0.7333333333333333,0.7020070381117186,0.5713828728403548,0.4950527606065105,0.4325058095831314,0.6395169746835192,0.6315789423772854,0.46902654368235575,0.610526310798338,2,0.8,2.3999999999999986,1.1445783132530118,0.9823008948966439
0.5181818181818182,0.6530612244897959,0.5303948353054366,0.44673591724338224,0.36644828536408697,0.603572936088941,0.5999999950000001,0.3853820548007197,0.5999999950000001,1,1.1,0.581818181818182,0.9683794466403162,0.977582289678927
0.47580645161290325,0.5137614678899083,0.35755905229827145,0.25846512149042866,0.1874003248977342,0.4601453039913895,0.4981412589521981,0.24539876801083982,0.47583642623844336,4,1.25,1.2249999999999996,0.8989690721649485,0.9400411214327887
0.5256410256410257,0.609491758955299,0.45651086733259383,0.34417472347158873,0.2456891708408805,0.531718817730685,0.5567010259326178,0.3004291795605003,0.5567010259326178,0,1.0,1.0,0.9305555555555556,0.9921157410349044
0.4263565891472868,0.3960674157303371,0.24771466926016297,0.15673624200221217,0.09815147307850705,0.3807655789457478,0.3507692257715503,0.12471131140045569,0.3507692257715503,2,0.9,6.277777777777779,1.4650205761316872,0.8872269584994866
0.45132743362831856,0.5023474178403756,0.3832922176165241,0.30420609484313954,0.23094650014336343,0.43051594426658957,0.43859648628347186,0.257839716276269,0.43859648628347186,9,1.6428571428571428,4.953416149068323,0.6515184618745903,0.9313614481830671
0.2616822429906542,0.27770420684942476,0.14824405338382518,0.08957813348051591,0.045204211501628185,0.2129071247673253,0.28272250823826106,0.09734512791604694,0.26178009986129774,4,0.6,4.2666666666666675,1.2683438155136268,0.9391812419437903
0.5888888888888889,0.555956678700361,0.4281408145782503,0.33986472417186225,0.26942451790004224,0.5890618723433984,0.5045871509902365,0.3114186801427186,0.4954128390636311,0,1.0,3.3888888888888893,1.2824074074074074,0.8510923162120313
0.40625,0.3757086121982728,0.22202180826039494,0.13699330437136747,0.0633461489795116,0.25928364875245324,0.3065693382598967,0.0578947319929367,0.2554744477489478,9,0.25,58.91666666666667,3.3488372093023258,0.9220080576231885
0.31313131313131315,0.4225352112676056,0.29613508276497746,0.21859479044886235,0.16857164840509464,0.37388399146640905,0.37209301825592217,0.15384614884644987,0.37209301825592217,2,1.1818181818181819,1.1118881118881099,1.0728021978021978,0.866318276194288
0.37037037037037035,0.3658609633492654,0.19406229933139793,0.11508061929392395,0.06977613284419798,0.2451974613815665,0.32850241053186774,0.09795917884214933,0.31884057478307554,7,0.5,7.7857142857142865,1.6022099447513813,0.9517597801423763
0.6065573770491803,0.6984126984126984,0.5643369476440387,0.45157376050275594,0.3676542210872976,0.662736354922818,0.5974025924160905,0.3687150788115227,0.5844155794290775,0,1.0,0.25,1.024390243902439,0.9636141812146098
0.4090909090909091,0.5537190082644629,0.42421536710254903,0.356342697985731,0.3007053298690383,0.5297367663041989,0.474999995,0.320855609973405,0.46249999500000005,3,1.3,1.892307692307691,0.8310439560439562,0.9735186999261324
0.16346153846153846,0.31617647058823534,0.10821386071763692,0.04578066796155511,0.01601040566123804,0.23610819258340246,0.1435897385961869,0.00921658486440841,0.1435897385961869,1,0.8888888888888888,2.333333333333334,1.1590909090909092,0.9638045640512949
0.5465116279069767,0.5818181818181818,0.47649868602411183,0.3949511727695309,0.33484363053363536,0.5503894054169159,0.5592417011639451,0.380952375952696,0.5592417011639451,1,0.9090909090909091,2.045454545454545,1.141509433962264,0.9667756944759102
0.5303030303030303,0.6664715670045606,0.5414968921366565,0.443437610894449,0.34724860106728667,0.6473574906143248,0.5964912230785542,0.38974358474687715,0.5380116909148115,1,0.9166666666666666,0.6818181818181817,1.0649350649350648,0.9902904031156536
0.2608695652173913,0.48625489783901427,0.34745558119104303,0.2505690756120362,0.15864003126529538,0.3876722367788025,0.38202246691011243,0.17592592094693088,0.38202246691011243,8,1.8,6.6,0.547945205479452,0.9315924733346127
0.4609375,0.3385797390604036,0.28323335220285645,0.23988080023818073,0.203222964087857,0.3126303358024962,0.5563380234390499,0.37367303151644654,0.5492957699179231,13,0.4090909090909091,9.186868686868689,1.3329672341204468,0.9724796799738045
0.6078431372549019,0.5841832390880632,0.47622829840119374,0.399000620967144,0.33230566373709364,0.5926367770917825,0.6042553141642373,0.38970587737997414,0.5957446758663649,6,1.6,8.0625,0.5520833333333334,0.9695785574019223
0.45348837209302323,0.34042553191489366,0.21576357175006267,0.14368795336147022,0.0881155578281429,0.327461732929176,0.37864077169950044,0.0933852090096749,0.35922329597134517,10,2.0,4.75,0.7121212121212122,0.8114310796200386
0.23333333333333334,0.3281888298157585,0.06797262282971929,0.015473551153485808,0.006959351204794595,0.23573923646495407,0.23668638553412008,0.01047119919519988,0.22485206600749283,0,1.0,1.545454545454545,0.8802816901408451,0.9557941449399575
0.21428571428571427,0.31201756964554084,0.20185958366351325,0.13427118586386047,0.09386565249759572,0.2173345413256522,0.2847457578180983,0.1119999951596091,0.2711864357842,6,1.5,9.694444444444443,0.5610062893081762,0.9122458912216576
0.31343283582089554,0.37055685247785797,0.19450183055625697,0.10131125235840653,0.03033891895635058,0.2914186507936508,0.3571428521591837,0.05882352443667862,0.3571428521591837,3,0.7,2.442857142857143,1.2087912087912087,0.9665226857763695
0.27927927927927926,0.33014354066985646,0.18686633816736756,0.12914277280914563,0.08372284133912218,0.27239122960503637,0.2788461488577108,0.10852712678565013,0.2692307642423262,3,1.2727272727272727,0.29220779220779214,1.0199645075421473,0.8830958716213979
0.2696629213483146,0.3148100360171398,0.12247835518011592,0.05079422668889716,0.01765927572780913,0.19568376263300905,0.2499999950009646,0.05649717016821519,0.23611110611207572,1,0.9090909090909091,0.3545454545454554,0.9690476190476189,0.9608381783615836
0.38571428571428573,0.4263565891472868,0.2767868306339792,0.21167563272645656,0.16764867714824316,0.37561795587982494,0.3815789423900624,0.17204300579951454,0.36842104765322026,2,1.2,1.6500000000000004,0.8669354838709677,0.8738508868627198
0.5172413793103449,0.6059113300492611,0.47430694490866043,0.3702405168643048,0.28286533927031704,0.582453599192505,0.5641025591040253,0.32653060724489796,0.5641025591040253,0,1.0,1.4666666666666668,1.1215469613259668,0.9727376724611924
0.7654320987654321,0.8430493273542601,0.7622469956423402,0.6871198103404625,0.6179226003223839,0.7937597685352259,0.7722772227227723,0.6264150893402635,0.7722772227227723,1,0.9285714285714286,1.4395604395604398,1.0916083916083916,0.9932935448062262
0.5306122448979592,0.630784082564516,0.5153677909443376,0.4379644041918036,0.370451376123693,0.5868941711431495,0.6212765907520146,0.4171779091196508,0.6042553141562699,1,0.9411764705882353,0.03308823529411775,0.9973466981132075,0.9898846593678036
0.5185185185185185,0.5693950177935944,0.43953110848133004,0.33807550214899423,0.24990819560082814,0.5809363501367293,0.5039370028752558,0.25352112176536407,0.4960629871272243,1,1.1,1.0454545454545467,1.0426716141001855,0.9350271576203101
0.3493975903614458,0.4561041942506993,0.2947822131296264,0.1877203726626623,0.11404984072507307,0.40629946274282647,0.3743315458777775,0.1401869109861125,0.3529411715462267,0,1.0,2.8000000000000007,0.8133333333333332,0.9661320812247097
0.7065217391304348,0.6569767441860465,0.5543983596112735,0.4804677549680206,0.4099473123762961,0.7015668180596519,0.6288209556995481,0.443609017556391,0.6200873312453996,4,1.4,3.614285714285714,0.7726864330637916,0.9750994662855932
0.38738738738738737,0.42231075697211157,0.26317097891565916,0.18879108336693873,0.13532375433165597,0.3965704948969242,0.4470588185356402,0.15384614884615402,0.4078431322611304,5,1.4545454545454546,1.3125,0.9227941176470589,0.902600934729898
0.5897435897435898,0.64,0.507659453576282,0.4116639052870261,0.32782542308808843,0.5921426683652798,0.6315789423684212,0.41004183600427163,0.6210526265789474,2,1.2,1.4000000000000004,0.8992805755395683,0.9889410013348536
0.6237623762376238,0.2759643916913946,0.17769055928549984,0.13101069281171412,0.09691742461772344,0.444904181184669,0.299999995020248,0.13418529852912675,0.299999995020248,2,1.1818181818181819,29.664335664335663,2.337326607818411,0.8201475404948448
0.5666666666666667,0.5668449197860963,0.4311620962737589,0.34623893728464766,0.27712699872493435,0.5649700837348247,0.5954198423938,0.3431952613227829,0.5801526668212807,1,0.9473684210526315,3.125730994152047,1.430354267310789,0.92839623846238
0.4778761061946903,0.545759561980494,0.3853658836317031,0.2829061302974132,0.2057306509159089,0.3975495378604631,0.49358973859714006,0.22748814669931053,0.47435896936637084,0,1.0,0.07692307692307665,0.9966101694915255,0.9478820893954911
0.803921568627451,0.7481481481481481,0.6599160708482916,0.5908547907171978,0.5239440366621487,0.7685565232287875,0.6951219462202558,0.5473684160531858,0.6951219462202558,2,1.1818181818181819,1.16083916083916,0.8994548758328287,0.9853182126086877
0.631578947368421,0.7647058823529411,0.6475761258027333,0.5645163122570647,0.4920442218539409,0.7465353825023686,0.7102803688357062,0.5159010550757283,0.7009345744431829,1,0.9375,0.7791666666666668,1.0666666666666667,0.9886093380091221
0.1897810218978102,0.2617921912755472,0.11996075597389061,0.06992911439843513,0.04344448611074674,0.17422602649875377,0.20909090427314062,0.06274509320907382,0.20909090427314062,0,1.0,4.599999999999998,0.7356321839080461,0.9769249401159608
0.3627450980392157,0.3306772908366533,0.2057345212332914,0.12580460368424304,0.07410610667721415,0.43088959233641533,0.33944953631133745,0.12274367738143356,0.330275224384732,6,0.5384615384615384,24.626373626373624,3.1927592954990214,0.9138903784910813
0.51,0.41098901098901097,0.30386960715365413,0.24127409015046247,0.18575283667997158,0.5390760955936681,0.5217391255315691,0.24595468763628375,0.513043473357656,0,1.0,12.375,1.7704280155642023,0.9261132107846658
0.7027027027027027,0.7435096457132699,0.6450666357362668,0.5583833185655381,0.4807936610971224,0.7494474763385617,0.700507609219511,0.5140562199016145,0.6497461878997141,1,0.9230769230769231,0.6923076923076916,1.05625,0.9981102125040807
0.5151515151515151,0.47761194029850745,0.38836171702700084,0.3248612972914145,0.26329632611879644,0.6500889768777263,0.5815602787002666,0.3790849623307275,0.5673758815371461,10,2.0,1.9999999999999991,0.7701149425287357,0.8500183715250714
0.19801980198019803,0.18734149998164656,0.06490998256184688,0.012885964934611248,0.005437781506446562,0.11981103552532124,0.1827956943461673,0.0409836019927444,0.1827956943461673,2,0.7142857142857143,3.8571428571428577,0.8615384615384615,0.8786853489243329
0.38181818181818183,0.5393258426966292,0.35010577709932866,0.2528073845626739,0.1638545032583841,0.4849774078314947,0.508474571276932,0.2343749950048829,0.4576271136498133,1,0.9,1.2888888888888896,1.1498708010335918,0.9765707970724635
0.3474576271186441,0.44751381215469616,0.25424571575131905,0.15632408827881356,0.100357784320759,0.34199763563303215,0.30769230269277004,0.08403360844679078,0.2980769180773854,4,0.6666666666666666,8.291666666666666,1.5784883720930232,0.9531897489725297
0.4675324675324675,0.45222929936305734,0.361179677489821,0.29368330626696254,0.22440268206959926,0.569969495563983,0.4878048731090125,0.27777777285246924,0.4878048731090125,9,2.2857142857142856,4.758928571428571,0.6734068627450981,0.9090485917027045
0.6153846153846154,0.5521235521235521,0.44611801175992577,0.3651890568599372,0.2949239417602544,0.6224741853829625,0.6636363586466942,0.4214046772787776,0.6454545404648762,17,2.5454545454545454,9.84090909090909,0.4845238095238095,0.9428597797807973
0.4878048780487805,0.2627450980392157,0.17907349082156854,0.12922022119535204,0.09225204611113703,0.45131064058354753,0.35087718807291135,0.1415094291402636,0.3157894687746658,6,1.6666666666666667,4.0,1.3076923076923077,0.9116998120637204
0.2988505747126437,0.3442671168666792,0.19213329469496038,0.12029813520399747,0.08054581443254333,0.26890032511470674,0.32954544959775317,0.10280373338064483,0.30681817687048046,4,0.6,6.133333333333333,1.3906581740976645,0.9441076773781029
0.7865853658536586,0.717391304347826,0.6251644693589165,0.5600975930925969,0.5035041899100946,0.7570848446795228,0.6196318968472657,0.41943733517075377,0.6012269888718055,1,0.9,12.0,1.3529411764705883,0.9777922637413236
0.43373493975903615,0.5423076923076923,0.4118276576457919,0.3323285664782906,0.261780755509518,0.4884622579259128,0.4954128390472183,0.29186602371740583,0.4892966310961479,11,1.7333333333333334,6.866666666666667,0.5928853754940712,0.9510787042584024
0.5645161290322581,0.47794117647058826,0.341804133034516,0.23903338217109105,0.16197458274309576,0.5919111570247935,0.47682118710232013,0.20809248062280744,0.45033112087715454,0,1.0,4.0,1.4166666666666667,0.9603267934949551
0.6101694915254238,0.6991869918699187,0.5912643198561531,0.5100548257776986,0.42809754159173335,0.6753374686813612,0.6351351301360483,0.4204545404551912,0.6351351301360483,3,1.3,2.2384615384615376,0.8086785009861933,0.9862359977764447
0.328125,0.3277591973244147,0.19898510199940733,0.13404792223036868,0.09354282279663845,0.31553373786504857,0.3107569671116332,0.1325648364995974,0.30278883962159336,10,0.5238095238095238,16.991341991341994,2.6673746813933734,0.8649841928366414
0.27058823529411763,0.24183006535947715,0.15954872720780058,0.10807607589638078,0.06970026737529185,0.2933867835711977,0.2857142807183674,0.11042944285746567,0.2571428521469389,6,1.6,0.16249999999999964,1.0172872340425532,0.7395211806006631
0.49333333333333335,0.5507246376811594,0.4263714329621627,0.33496547307947244,0.2530323014450452,0.5539316196284657,0.5118483362413244,0.2909090859091571,0.4928909902697604,5,0.5,24.299999999999997,2.421052631578947,0.9642344570949909
0.43103448275862066,0.43728813559322033,0.32496707121053336,0.2488664387685229,0.18668345711662335,0.43961009113126065,0.4999999950189351,0.25068119393714416,0.4846153796343195,15,1.8823529411764706,3.2518382352941178,0.7392393867924528,0.91341735555274
0.4533333333333333,0.6453555878501244,0.453313482482316,0.3364662735283755,0.24443664755577582,0.5787775129152387,0.4924623066033686,0.26609441562747527,0.47236180409080586,2,0.8571428571428571,1.5476190476190474,1.1371308016877637,0.9746963624916104
0.2677165354330709,0.38181818181818183,0.18053873554796884,0.08644991413445727,0.02466833611198263,0.259961609184537,0.3410138199027374,0.07575757078081989,0.30414746045573277,2,1.1666666666666667,1.7976190476190474,0.8676599474145487,0.9262314832076028
0.7,0.7204301075268817,0.6574633560253598,0.6074877636888855,0.5574077569302465,0.7415482834432605,0.67999999500128,0.5656565606579829,0.67999999500128,2,1.1538461538461537,0.9846153846153847,0.9264367816091954,0.9898248965435058
0.5648148148148148,0.5414634146341464,0.4461697343509408,0.3792157081921854,0.3179821879613896,0.7299386292433802,0.5668016144339361,0.3803278638645526,0.518218618482519,0,1.0,3.2727272727272734,1.21301775147929,0.9429105834834584
0.5542168674698795,0.6863784209933795,0.5461255084292463,0.4286896683646876,0.3403472871150683,0.5634086691366429,0.6078431322722031,0.36206896054733956,0.6078431322722031,2,0.8947368421052632,0.9876160990712073,1.111033762617473,0.9624208266612773
0.3191489361702128,0.375,0.2220038609702865,0.15323095469471845,0.104199239680099,0.3684086693743564,0.38418078597337935,0.16190475692698428,0.37288135094513075,7,1.5833333333333333,1.4035087719298236,0.868421052631579,0.9269906788604398
0.6527777777777778,0.6976744186046512,0.5573895760909812,0.46053318346235866,0.3709257715296636,0.7075075978423271,0.6580645111458898,0.4444444394582949,0.6451612853394381,1,0.9444444444444444,1.143790849673202,1.1774847870182554,0.9824013675898965
0.423728813559322,0.47723610990461385,0.35308464570270426,0.278958546532655,0.2186047884787008,0.42539332132868674,0.43382352449935124,0.20359280945032102,0.4264705833228807,1,1.0714285714285714,5.357142857142858,0.7232472324723247,0.9586245560612989
0.5238095238095238,0.43543543543543545,0.29643552182036176,0.20943068980136487,0.14126381744950145,0.5332686994801704,0.5490196028653594,0.2634730489440282,0.5411764656104575,5,0.7619047619047619,11.479166666666666,2.229910714285714,0.8621117070136172
0.6666666666666666,0.6605504587155964,0.5639528468370892,0.4992778158130001,0.4413401467400294,0.6861411069814575,0.6259541934735738,0.43749999500078124,0.6106870179010548,0,1.0,0.7000000000000011,1.0686274509803924,0.9701490111050242
0.33587786259541985,0.24279369035078385,0.179687702192297,0.14168364926189378,0.1091971102256061,0.24920129815622138,0.3828124955130005,0.19736841663781177,0.37499999551300056,8,0.42857142857142855,2.3571428571428577,1.123134328358209,0.9925842153683685
0.782608695652174,0.7675982280196383,0.700431308810271,0.6496462375633568,0.5985125662271424,0.7593523254546587,0.7777777727836219,0.6279863431359713,0.7521367471425963,2,1.1818181818181819,4.6083916083916066,0.7502841985600607,0.9952700883633756
0.5813953488372093,0.5789473684210527,0.46490897052777225,0.34820789637869676,0.25023717987925626,0.5759241772461792,0.5294117597231834,0.23636363137851252,0.5294117597231834,1,1.1,0.09090909090909083,0.987012987012987,0.9851893915049429
0.7230769230769231,0.6918604651162791,0.5966951915666716,0.5256255557156162,0.45971487678874623,0.6346781852717709,0.6321839030486195,0.46082948808851326,0.6091953973014931,1,1.0909090909090908,1.212121212121211,0.9220272904483432,0.9779639372344348
0.5862068965517241,0.5510204081632653,0.4075057606045779,0.2967811549061276,0.2094537277520181,0.5565391787397973,0.503225801453486,0.17341039962845414,0.47741934984058276,0,1.0,1.76923076923077,1.185483870967742,0.9135431761178174
0.2616822429906542,0.3375,0.1954675092433812,0.10894629984932662,0.029623789000511786,0.27171293047352546,0.27225130391162533,0.0717488739359331,0.26178009972314364,4,1.4,1.6714285714285708,0.8724100327153763,0.9572323742371563
0.5,0.5608974358974359,0.36284652057531214,0.23698333702214325,0.1550043051939033,0.5060266128457821,0.43657816609253314,0.17431192160645162,0.42477875606303467,2,1.1333333333333333,0.3803921568627473,0.979694368850743,0.9778828019138653
0.6833333333333333,0.6612903225806451,0.5236349380886428,0.41515426256034793,0.32341252226530376,0.8038269474021961,0.5864661604273843,0.4177215139945522,0.5864661604273843,1,0.9,4.277777777777779,1.4502923976608189,0.9634013863020318
0.3469387755102041,0.37677053824362605,0.2290156577984754,0.14685866173584128,0.098445182412783,0.40656639486078633,0.3937007824214149,0.1517615126213822,0.37795275092535197,2,1.2222222222222223,7.313131313131315,1.29514879739095,0.8284096569796399
0.5166666666666667,0.3333333333333333,0.20272121351984573,0.10665514896414395,0.06299259096735395,0.38976903989310946,0.28787878288911856,0.0413793053507735,0.28787878288911856,3,0.75,9.083333333333332,2.2528735632183907,0.8404917974019901
0.8021978021978022,0.8398058252427184,0.7760168979511683,0.7252977201990387,0.6772143327488894,0.8543570587439804,0.784615379616568,0.6646153796154319,0.7692307642319527,1,0.9333333333333333,1.0476190476190474,1.0766550522648084,0.9974812184039026
0.5154639175257731,0.5660569068594233,0.46636570577395736,0.4007136139312145,0.3311742113722198,0.4869479736179035,0.4621848689509922,0.3102310181036718,0.4537815076064544,3,0.7272727272727273,5.022727272727273,1.2682038834951457,0.9934835284036212
0.7567567567567568,0.7751196172248804,0.7145176814568444,0.6635592190990942,0.6133013315338927,0.840958081529238,0.8272727222764462,0.66220735286093,0.8090909040946281,11,1.6875,4.0717592592592595,0.6553008034489516,0.9788689856125922
0.47368421052631576,0.4186046511627907,0.29159744472035737,0.21908474516633777,0.16365592478844646,0.4409930139720558,0.42857142358775513,0.22352940677577862,0.41428570930204084,4,0.6,11.8,2.216494845360825,0.9317172954676326
0.39603960396039606,0.3617021276595745,0.24878816542844917,0.18473461027696336,0.134141085654148,0.3753523736936071,0.35779816013761473,0.16799999500288015,0.35779816013761473,4,1.3333333333333333,0.5833333333333339,0.9527027027027026,0.947290653123097
0.6458333333333334,0.5708082589688154,0.4339239056215807,0.3288198355805126,0.24453405294070626,0.5313602985404468,0.5787233992756904,0.3225806401798539,0.5702127609778181,1,1.0833333333333333,2.435897435897436,0.8339160839160839,0.9905481447924402
0.35,0.4324146712529801,0.25851595754604356,0.13757808122680318,0.03882243100473711,0.3216611353324753,0.3311258228147889,0.07407406907712272,0.3311258228147889,6,0.625,4.0625,1.5855855855855856,0.976853491118675
0.8360655737704918,0.7062937062937062,0.6107720118892476,0.5387275121015948,0.46862229249148557,0.7262849535482908,0.7951807178915664,0.5529953867060248,0.783132525120482,2,0.8461538461538461,2.76923076923077,1.2706766917293235,0.967977365358985
0.64,0.6626506024096386,0.5596901035825028,0.48655072982323755,0.4199833584690296,0.6360611268546554,0.7173912993478262,0.5064377632404355,0.706521734130435,1,1.0909090909090908,0.015151515151515582,1.0010964912280702,0.9748869092884346
0.2413793103448276,0.1824384818646276,0.057926159601985557,0.02840012955607723,0.010662511389213059,0.13906949274886804,0.15999999520000013,0.017467244084591636,0.15999999520000013,6,0.4,15.1,1.949685534591195,0.9160919980872079
0.3218390804597701,0.34206957504539903,0.1545223236036026,0.07288992487062773,0.020630801642467844,0.24759449034875777,0.2857142808163266,0.04651162303948131,0.26530611755102046,6,1.6,9.0,0.55,0.8639919952883508
0.5063291139240507,0.4372093023255814,0.32279210069927905,0.2509997001443168,0.18942667350639822,0.5143068560720016,0.4852070956128987,0.280193231748699,0.4733727760862715,2,1.1333333333333333,3.980392156862745,1.4592760180995477,0.8271376378115733
0.3047619047619048,0.37992067010985314,0.21214267234740655,0.13243477357968075,0.0831775865701052,0.2887926259362841,0.3720930182948621,0.11152415862688486,0.3348837159692808,7,0.4166666666666667,16.78333333333334,2.088648648648649,0.9604573260187609
0.3051948051948052,0.29260450160771706,0.1817580592903663,0.11109879275453237,0.07070541303121909,0.2986889144410181,0.3143812659191732,0.09809263807883371,0.3143812659191732,8,1.5,0.3958333333333339,1.0315091210613598,0.840490407252641
0.2926829268292683,0.41748456884784885,0.2639790417684538,0.1816449372564793,0.11906464083567798,0.27754788678782716,0.3289473634634696,0.12853469942572432,0.31578946872662744,11,1.7333333333333334,7.969230769230769,0.5366726296958855,0.9279919500433863
0.3170731707317073,0.39815960603864603,0.2683130942610746,0.19730822901735934,0.13565416735524685,0.3326188170166321,0.40697673919213095,0.12037036538108731,0.40697673919213095,2,0.8333333333333334,1.0333333333333332,0.9279069767441861,0.974641980516653
0.6493506493506493,0.6876003345583526,0.562092746124584,0.4749315196618367,0.40494617412009715,0.6562655347339917,0.6896551674342984,0.4878048730818296,0.67980295068553,1,0.9090909090909091,0.10909090909090757,1.0077419354838708,0.9772778728070729
0.5652173913043478,0.6881720430107527,0.5469965594879291,0.44971380062148947,0.3544396170171935,0.6844218931129052,0.644067791615915,0.4366197133108511,0.6101694865311692,2,0.8,2.625,1.2916666666666667,0.987416166002576
0.20689655172413793,0.2486469753817957,0.12357758390844781,0.06955758882761286,0.035798980280060066,0.17301038062283736,0.2958579832288786,0.054545449651240106,0.2721893441756242,1,0.875,5.535714285714285,0.7512038523274479,0.9478069971789614
0.20714285714285716,0.16182922662453253,0.08719797612701446,0.0504425650895522,0.024834453387537463,0.14304764541687728,0.21455938228329013,0.07185628282118428,0.20689654703424798,9,0.35714285714285715,11.857142857142858,1.619402985074627,0.9201990083814361
0.4675324675324675,0.5765765765765766,0.43938802910487174,0.3442234638345704,0.26656311060841886,0.555954018082954,0.5370370320387517,0.3028168964084507,0.5277777727794926,5,1.3125,1.6160714285714288,0.8673992673992674,0.9807578486626815
0.5483870967741935,0.5944055944055944,0.4574907042869965,0.36585541432376895,0.290533802538661,0.6648362916628088,0.6067415680362329,0.333333328337415,0.6067415680362329,1,0.9090909090909091,2.7545454545454557,1.2385826771653545,0.9673988778891482
0.48514851485148514,0.5667309441702044,0.44741454193875346,0.35973245278106253,0.2920352574225061,0.4893233920550509,0.54852320178319,0.3291925416534856,0.5400843832177893,5,1.5,9.200000000000001,0.5929203539823009,0.9583925770611127
0.36363636363636365,0.3920863309352518,0.25517015787390185,0.1735162257455594,0.10956751643561333,0.3558167434837178,0.3616236112378644,0.10714285214303453,0.3616236112378644,3,1.1875,0.44407894736842124,1.0313007187572456,0.9055911087430024
0.45569620253164556,0.49477901653154455,0.34216872956484157,0.23962064146134324,0.16553338615922242,0.4152960526315789,0.477611935308532,0.1764705833147378,0.4676616865523131,2,0.8333333333333334,1.2833333333333332,1.0956521739130434,0.902226684607404
0.3564356435643564,0.4004379919148745,0.2770789264499918,0.19240848116433104,0.12849302696255213,0.29875008292396066,0.38938052599851214,0.20143884395812858,0.3716814109542642,2,0.8181818181818182,1.1313131313131315,0.9368302312464749,0.9951935187909267
0.5757575757575758,0.5338541686630552,0.4013617504328917,0.32146441555825217,0.2631247637661769,0.4858226926648097,0.5635359066280029,0.32499999505000005,0.5524861828710967,0,1.0,3.833333333333332,0.790909090909091,0.9773906670566084
0.5476190476190477,0.6411185914808157,0.5237602529313906,0.4474778384642381,0.3798019801117523,0.5734814518930481,0.5497630281781632,0.34602075624717143,0.5402843551923812,0,1.0,0.13333333333333286,0.9904306220095694,0.9824669143936907
0.5490196078431373,0.6862745098039216,0.5451655678523517,0.4446062137013457,0.357499112574258,0.6864467124457393,0.6276923026946273,0.40594058906136654,0.6276923026946273,1,0.9565217391304348,1.3735177865612656,1.1344294003868474,0.9852127070313061
0.4,0.456838675376984,0.2909436223542484,0.19504263710496123,0.1338703301014123,0.3796410456218631,0.3764705832380623,0.16267942085117112,0.3647058773557094,3,0.75,2.916666666666666,1.2229299363057324,0.948219302447564
0.2222222222222222,0.2556053811659193,0.12696164094609302,0.07790482029019696,0.05311110476304369,0.2372344363017248,0.24107142364955367,0.0608364969538381,0.22321428079241082,8,1.8,1.81111111111111,0.8724569640062598,0.8910266397357766
0.44871794871794873,0.39622641509433965,0.26967591940078245,0.18964054615061302,0.1256709340079384,0.4713932242533904,0.3999999950000001,0.1641025591037477,0.3647058773529412,4,0.6,15.2,2.3451327433628317,0.8361206628915535
0.25961538461538464,0.25796128805431257,0.10703201228448751,0.054152373213740654,0.03118423734483927,0.19031194645373928,0.3195876239425019,0.04405285851772844,0.2680412321899246,11,0.15384615384615385,48.65384615384615,5.107142857142857,0.93625776969363
0.25663716814159293,0.19936075509692908,0.11196490981256056,0.06548119882946855,0.04232095002429586,0.17019914579255208,0.3212851358429703,0.07715133070890852,0.26506023624457675,12,0.2,34.46666666666667,2.859712230215827,0.9485758557752615
0.5851063829787234,0.44370860927152317,0.30474455499814346,0.21349992660246878,0.1537688287978898,0.5956697879008922,0.41237112902540124,0.2112676006377704,0.41237112902540124,0,1.0,11.0,1.6685082872928176,0.7366988856694938
0.27692307692307694,0.3191461607755731,0.15661354169431366,0.08418869989570765,0.04752320040576371,0.22110192147034255,0.35443037476187933,0.056939496790061356,0.3291139190656769,2,1.1111111111111112,3.3055555555555554,0.7258064516129032,0.9412743341259322
0.6619718309859155,0.7224489795918367,0.6597316891277425,0.6134619142555624,0.5670578464883905,0.8579653361820784,0.782945731438916,0.6627218884997025,0.782945731438916,5,1.3846153846153846,2.235042735042736,0.8589536138079827,0.9812725014184466
0.5855855855855856,0.4520884520884521,0.3419348289722105,0.27063997535324025,0.2070926609271256,0.5579186015884134,0.434108522168139,0.241573028717965,0.41860464619914667,1,0.9411764705882353,8.261029411764707,1.4809503424657535,0.8888873912668858
0.47297297297297297,0.4226190476190476,0.26619219265999094,0.184593111227512,0.1304680448973139,0.3454820041965706,0.3771428521443266,0.11981566322665613,0.3657142807157551,4,0.7647058823529411,4.040723981900452,1.45491594498217,0.8464430063909123
0.4827586206896552,0.6341463414634146,0.49898895234496154,0.4048296612655039,0.32256222503443155,0.5939124920735573,0.5392156812749904,0.37551019908371513,0.529411759706363,0,1.0,0.5,1.0445859872611465,0.9695100755245663
0.5967741935483871,0.6805555555555556,0.547562941427901,0.4530601956919934,0.37281002932029433,0.6216712604709114,0.5988700514986116,0.35294117147251064,0.5762711814421144,2,1.1818181818181819,1.7412587412587417,0.8641571194762684,0.9753090426220752
0.42016806722689076,0.3881278538812785,0.24239079805559538,0.16600016777002133,0.11254654967967584,0.3491848439687485,0.33606556877082777,0.120805364127517,0.319672126147877,11,1.9166666666666667,5.394927536231883,0.6383288802526111,0.9126985791663381
0.4,0.3374485596707819,0.21451273314742725,0.14155188533008492,0.09041475058660955,0.3772537425141124,0.3561643785992786,0.09999999503579907,0.3470319585079544,4,1.2666666666666666,2.3894736842105253,1.2297570850202428,0.888154188223204
0.3524590163934426,0.5048648937236532,0.37348026982887256,0.28811509086454573,0.21921244306764856,0.45788194977239016,0.46268656217782367,0.27840908593637015,0.4328358159091669,10,1.8333333333333333,10.34848484848485,0.4868519909842224,0.9749103713959334
0.725,0.7920792079207921,0.6905242948536738,0.6104504366719609,0.540883925647314,0.7620421475163071,0.7692307642311347,0.5993265943280164,0.7692307642311347,1,0.95,0.681578947368422,1.0685003967204445,0.9859099054126007
0.20512820512820512,0.26440925391514897,0.1326276828451345,0.05665849211698589,0.01686963256014802,0.20569507384957808,0.3240740691705247,0.0771929775807944,0.296296291392747,13,0.2777777777777778,20.066666666666663,2.7705882352941176,0.927064609123297
0.5942028985507246,0.6941834924827501,0.5840183418875271,0.5036451905459489,0.4328871355043487,0.6905058043117744,0.6506024046414575,0.47179486680552274,0.6506024046414575,0,1.0,0.8333333333333339,0.9259259259259258,0.9842758039641905
0.5299145299145299,0.6086262304978752,0.47324385827721227,0.38096073893309457,0.3042494424700077,0.5505026328386788,0.532374095732105,0.296735900063926,0.5251798511277884,0,1.0,1.0,0.9476190476190476,0.9749568519638123
0.7272727272727273,0.7615894039735099,0.6797285524952316,0.6011878155839264,0.5261226521690505,0.7109193315726888,0.7386363586363637,0.5523809473882088,0.7386363586363637,3,1.2727272727272727,2.85064935064935,0.790952380952381,0.9903239835587201
0.5972222222222222,0.63125,0.4961328438454144,0.4098098731516571,0.32761807875820687,0.7736262621261605,0.607594931709662,0.4088397740056775,0.5949367038615607,0,1.0,2.375,1.3114754098360655,0.922637453579265
0.5428571428571428,0.6439393939393939,0.515209342116411,0.42255941279904047,0.34888119497866266,0.6293336161656662,0.5862068915576695,0.3592232959727591,0.5747126386841064,0,1.0,0.33333333333333215,1.0232558139534882,0.9662800448436043
0.30097087378640774,0.2188155293848258,0.12535400004009645,0.06393892734292403,0.03357436659059481,0.16731229528848576,0.29189188695631857,0.061946897796225614,0.28108107614550776,10,0.3333333333333333,13.066666666666666,2.076923076923077,0.9292851729481884
0.6595744680851063,0.6106194690265486,0.455164215097624,0.35383806866515494,0.2668842447500926,0.6515170574074477,0.5546218437398489,0.3356643306665363,0.5378151210507733,1,0.9,3.355555555555556,1.3647342995169083,0.933168388298974
0.5454545454545454,0.5704225352112676,0.4313876391081543,0.3414929697675382,0.2658066029617983,0.6109033304511919,0.5035971173334713,0.28025477214329186,0.5035971173334713,2,0.8,6.550000000000001,1.5848214285714286,0.967651938020191
0.6857142857142857,0.7887422917491325,0.7037741033475583,0.6299688237925043,0.5601770714935278,0.7644862793030378,0.6932270866430692,0.5356125306174463,0.6772908316629895,4,1.2857142857142858,4.206349206349206,0.7653829127932714,0.9967773057600771
0.6575342465753424,0.6625,0.5521922835314088,0.4533404582643617,0.35842272885315435,0.6801153235827498,0.7096774143548389,0.5533596787951696,0.7096774143548389,4,0.7333333333333333,7.1515151515151505,1.487603305785124,0.9071474180577226
0.6153846153846154,0.4883116883116883,0.3740066207715478,0.2849729129599836,0.21102130230455127,0.6676666864187498,0.5578231243185711,0.2486772437087428,0.5510204032301357,8,1.4705882352941178,1.1647058823529424,1.081818181818182,0.848683177096036
0.6764705882352942,0.7672413793103449,0.6635735340431073,0.5812035758803066,0.5048206418652998,0.7431476622261689,0.762499995,0.588235289118934,0.762499995,0,1.0,0.09999999999999964,1.008695652173913,0.9863133761944038
0.4782608695652174,0.5203252032520326,0.40438938928330515,0.32820663126468336,0.26675896275344146,0.5555399964776745,0.5027322354803071,0.2833333283555556,0.5027322354803071,8,1.5714285714285714,3.3896103896103895,0.767379679144385,0.9228004057293926
0.5806451612903226,0.6273271509163234,0.4850074291292683,0.3791773718918403,0.2741802783936912,0.6499859289628366,0.5268292632956574,0.2288135543234704,0.4975609706127305,0,1.0,0.1578947368421053,0.9803921568627451,0.9956916928190259
0.41333333333333333,0.2874251497005988,0.17156662173112228,0.11011292506042396,0.06913361639358373,0.3674599078341014,0.26143790357383917,0.06818181324638466,0.2483660081490026,2,1.2222222222222223,3.8484848484848477,1.339572192513369,0.9299096731833068
0.6056338028169014,0.6078431372549019,0.5058991525278331,0.43085377266808306,0.35912188903773035,0.6405139833711262,0.5957446758601178,0.4159291985496124,0.5851063779877774,3,0.75,6.166666666666666,1.5692307692307692,0.9603732361584428
0.5147058823529411,0.4315068493150685,0.23778619978207752,0.1357730195620046,0.075764193087295,0.47867298578199047,0.3945578181405896,0.17177913610899934,0.3945578181405896,2,0.8333333333333334,6.183333333333334,1.7346534653465346,0.9305281416283194
0.4406779661016949,0.5198970686641677,0.41026866377538557,0.3337340710982519,0.26977703515017554,0.4715220645572574,0.5171102612482471,0.3283582040229896,0.5171102612482471,4,0.7142857142857143,1.057142857142857,1.059919028340081,0.9309460304908999
0.4791666666666667,0.6097446694316577,0.449449795452738,0.3557571265916397,0.2679028591362456,0.4935836933919388,0.5263157844759003,0.24999999500037165,0.49473683710747923,7,0.4166666666666667,18.933333333333337,2.385365853658537,0.9847977566932001
0.4112903225806452,0.4050632911392405,0.3016083611549227,0.2272854179851517,0.16644864100072154,0.4174264487369985,0.3986013936013987,0.19512194621969822,0.39160838660839165,10,2.0,7.950000000000001,0.5984848484848484,0.9041596666593475
0.7352941176470589,0.7518248175182481,0.6439016030160828,0.565902963736909,0.4889610033259919,0.7738694132453812,0.699386498067673,0.5363128441621673,0.699386498067673,2,0.8571428571428571,2.2738095238095237,1.2486979166666667,0.969648004985479
0.6935483870967742,0.7412118656456818,0.6606967739980825,0.5865138625989971,0.5175795124433767,0.7265487898576648,0.6783625681036901,0.516129027260719,0.654970755238193,2,1.2222222222222223,3.333333333333332,0.7959183673469389,0.9952116590825829
0.4418604651162791,0.4059040590405904,0.2686274773868378,0.1891867617724711,0.1329358438950722,0.4022419164076882,0.3393501755680382,0.13105412607560027,0.33212995896153996,9,1.6923076923076923,2.98951048951049,0.8047053449063499,0.9304728879925619
0.32231404958677684,0.30577785560343684,0.14520573120634153,0.07852071429629048,0.022172374878988706,0.19720639681000032,0.27615062272229135,0.0561403459289632,0.27615062272229135,3,0.7692307692307693,2.0384615384615383,1.1409574468085106,0.9481203505893946
0.3717948717948718,0.4270833333333333,0.30422575042831723,0.2165250902376261,0.1397618734241008,0.3870558170671888,0.4411764655884083,0.16086956022684323,0.4294117597060554,15,1.8823529411764706,6.9411764705882355,0.6335403726708074,0.8484695173700422
0.6627906976744186,0.6984126984126984,0.6125447553760761,0.5467929804017774,0.48666611762560913,0.7658996347192574,0.7102040766347356,0.527777772779948,0.6938775460224907,2,0.8181818181818182,4.818181818181817,1.297752808988764,0.9710550178750483
0.45,0.45226130653266333,0.2984656973570965,0.2005878437381,0.1287221776832987,0.4464548026600779,0.45933013859114946,0.20224718603655556,0.44019138261028823,3,1.2727272727272727,0.12337662337662181,1.0087557603686634,0.9631065304321393
0.2689655172413793,0.1717466251033406,0.084621872868903,0.042393747405541395,0.010946963851366388,0.16941499938653684,0.26923076485227654,0.04422604002801144,0.2307692263907381,12,0.29411764705882354,13.764705882352942,1.6481994459833795,0.9231866884718428
0.46236559139784944,0.3412322274881517,0.23847859005514932,0.1591074730461775,0.10640911013494206,0.4817978852487433,0.4444444395179064,0.16806722199279725,0.4242424193158862,10,2.0,1.3499999999999996,0.8865546218487396,0.8584855072600959
0.2482758620689655,0.17479196869796756,0.05543452135537325,0.01070901329181469,0.004434326625480574,0.13161247463602493,0.2137404533136182,0.017964067187781343,0.1908396899548396,7,0.46153846153846156,8.833333333333332,1.4416666666666667,0.9234779295860903
0.6172839506172839,0.6838177391825405,0.5639838510414567,0.46111318264694084,0.3708569076130033,0.6267321841661226,0.6491228020363957,0.42682926330179216,0.6491228020363957,3,1.3,5.715384615384618,0.7525807525807525,0.9846965864109815
0.11290322580645161,0.2238805970149254,0.12622035519175387,0.08027016547778618,0.04825981266950304,0.1870137471094936,0.147887318944654,0.06285713785779631,0.147887318944654,13,2.3,10.347826086956522,0.5296442687747036,0.3947962864328623
0.543859649122807,0.49056603773584906,0.3616871715486921,0.28649613946634295,0.23553152653628598,0.535185655601594,0.43548386597944855,0.25477706506551995,0.43548386597944855,1,1.0909090909090908,0.07575757575757436,0.9914965986394559,0.972639231527994
0.7413793103448276,0.8028169014084507,0.7078480389667715,0.6211373843510325,0.5452191827088041,0.8949236985934961,0.8074534111492612,0.6399999950005001,0.8074534111492612,0,1.0,1.0,1.109375,0.9885815023939223
0.5083333333333333,0.6109215017064846,0.45280823592104613,0.34412863516985354,0.25062876739078443,0.5855743685098643,0.49019607343158617,0.24810126082435516,0.4575163348694946,6,1.6,8.4875,0.6833022388059702,0.9575632043267998
0.23404255319148937,0.3572832829816566,0.21523962840973992,0.14732208152892481,0.09704711523646545,0.2921140398063475,0.29545454054752074,0.11374407088879426,0.2840909041838844,2,0.8461538461538461,0.5804195804195817,1.0542838456507522,0.9473041880397401
0.5555555555555556,0.6619718309859155,0.5414415515291877,0.4201186757811217,0.3036134571336951,0.7316063228046595,0.6881720380159557,0.4509803871741639,0.6881720380159557,1,0.9090909090909091,1.5545454545454538,1.2803278688524589,0.9843997865044777
0.2413793103448276,0.2108520367084566,0.11414507148429466,0.06629171193902691,0.020866671468171512,0.19184537700168985,0.1904761855335886,0.030927830141354806,0.17857142362882664,9,0.18181818181818182,40.68181818181818,4.173758865248227,0.9300315116059257
0.6428571428571429,0.5864661654135338,0.48662053597736554,0.39145135204983017,0.3142655715895945,0.5619994139806557,0.5806451563031707,0.3230240500088568,0.5622119765796685,9,1.6923076923076923,5.139860139860138,0.7017045454545455,0.8878043839079874
0.5393258426966292,0.5807340518716587,0.44878362375146985,0.3641893274904846,0.29369113714329276,0.5193091356133739,0.5238095188167802,0.29999999500138896,0.5238095188167802,1,0.9166666666666666,0.6666666666666661,1.054054054054054,0.9931929453963639
0.609375,0.6173726848838508,0.48256796318177964,0.3621811345126661,0.2609939880728892,0.5652427845656947,0.606451607905099,0.3278688474770821,0.5806451562921958,0,1.0,1.25,0.8770491803278688,0.9908088092897034
0.3162393162393162,0.3192090395480226,0.16470654810020174,0.07933411928288975,0.04028916802157071,0.281349234105057,0.32921810201019497,0.07580174431197918,0.3045267439855036,0,1.0,9.999999999999996,1.4508196721311473,0.7584574573324386
0.3764705882352941,0.5136986301369864,0.376443843002301,0.27355358272069014,0.19725641551571918,0.4651857796516782,0.49397589862607055,0.2608695602371118,0.49397589862607055,3,1.3,0.8692307692307697,0.9281627463445645,0.9686547216886711
0.43010752688172044,0.47843137254901963,0.3247782821102614,0.23554161532080245,0.16787017146022648,0.44016477762437417,0.3716814109354688,0.15017064348984863,0.3716814109354688,4,0.6923076923076923,11.871794871794872,1.721183800623053,0.8795603250561592
0.0425531914893617,0.13389121338912136,0.05303621986358488,0.02368922958565546,0.008421145941853926,0.1079892290101639,0.07874015248527529,0.01652892061987417,0.07874015248527529,1,0.9166666666666666,3.3939393939393945,1.1851239669421487,0.07194885567967432
0.37349397590361444,0.2995391705069124,0.166538609278058,0.10339864800361523,0.05572812152547487,0.36520402848612055,0.2887700485001002,0.0881057219150384,0.27807486133432474,3,0.8,9.749999999999998,2.1699999999999995,0.8700755173220145
0.6131386861313869,0.6066176470588235,0.5117593728904858,0.44057299998276805,0.3767964858092066,0.546097113623739,0.5956112802676862,0.4195121901238549,0.5956112802676862,10,1.4166666666666667,3.083333333333334,0.7218045112781954,0.9612382226685929
0.16666666666666666,0.23611111111111113,0.1462527153789304,0.10628645537683505,0.0771494239875942,0.2737406199594227,0.11940298007772106,0.05599999500800045,0.11940298007772106,8,0.3333333333333333,56.166666666666664,4.5473684210526315,0.6290434875401133
0.5,0.5422222222222223,0.4400577162723018,0.3597964395737095,0.288377203565837,0.6134842629485154,0.5590062062235253,0.3612334751840711,0.5590062062235253,0,1.0,5.100000000000001,1.293103448275862,0.9322677596459599
0.36054421768707484,0.37012987012987014,0.1964187165113024,0.09819626650449204,0.04904764128601604,0.34723077776709216,0.3246753196856553,0.08585858086062677,0.2987012937116293,8,1.4444444444444444,1.3205128205128194,0.8997078870496593,0.9102106881142192
0.21935483870967742,0.24946165190058978,0.10387884367326904,0.05344003472400551,0.028018137559829646,0.17557373264040035,0.222222217388826,0.04590163453136304,0.19047618564279428,6,0.5714285714285714,5.928571428571427,1.3688888888888888,0.9376716001005018
0.4953271028037383,0.5927601809954751,0.49516377671978495,0.42328920492700406,0.36260000785378865,0.5806965204468714,0.5112107573367652,0.32867132367524093,0.4843049277403528,8,1.7272727272727273,5.9138755980861255,0.662939732751568,0.9858335196700416
0.6666666666666666,0.7880943409917568,0.7285804652729133,0.674373801331141,0.6214935537743443,0.7780065893132699,0.798206273043898,0.696864106515801,0.798206273043898,1,0.9473684210526315,0.46491228070175517,0.9562706270627062,0.9959666740794332
0.7413793103448276,0.7483443708609272,0.6396052866708551,0.554509928399458,0.48276613149727676,0.7934987211844449,0.706666661680889,0.5434782558908318,0.706666661680889,2,1.1538461538461537,0.6256410256410252,0.9414868105515588,0.9801393498948998
0.6164383561643836,0.46540880503144655,0.3117781847626766,0.21350173476329146,0.1374761707252066,0.5338195158139756,0.5194805144813629,0.24309391765330737,0.5064935014943499,1,1.0909090909090908,2.5227272727272734,1.2351694915254239,0.8964017229454989
0.5373134328358209,0.6369426751592356,0.5111847175434168,0.407289532400152,0.3245901337036787,0.6435319081935381,0.5568181768207645,0.3253588466747557,0.5227272677298553,2,1.1818181818181819,0.7412587412587417,0.9421713038734315,0.9653029569137952
0.44761904761904764,0.6776561820319339,0.5628904273473995,0.4800667853871818,0.4047142644427864,0.6118063919661906,0.6219081222100413,0.431266841362966,0.6077738465916668,0,1.0,1.0,0.9457013574660633,0.9920459285566997
0.6206896551724138,0.6171875,0.5075100363617197,0.42271825637076665,0.3373521430932214,0.6436713157658693,0.6142857092867348,0.3999999950027682,0.6142857092867348,4,0.7333333333333333,4.036363636363637,1.5311004784688997,0.9325114477189002
0.5662650602409639,0.468586387434555,0.332700612892712,0.25862201559037934,0.1964533966005675,0.45648941790224523,0.4646464596751607,0.2403100725301966,0.45959595462465563,26,3.0,15.820512820512821,0.38238238238238237,0.9568833535599437
0.3090909090909091,0.2999111325005477,0.19242607890115584,0.14202025401133767,0.1131860570173229,0.2038710093070739,0.29767441386435917,0.06593406118370065,0.29767441386435917,9,0.35714285714285715,16.92857142857143,2.123222748815166,0.923686688704602
0.6233766233766234,0.5706521739130435,0.45366174707101314,0.3686924620636782,0.29709490441662645,0.7266381951589015,0.5771144228618105,0.3333333283394891,0.5572139253493726,1,0.9444444444444444,2.9346405228758172,1.371996685998343,0.9358285364421471
0.5,0.5347054777723179,0.37074571691052916,0.2550621603465597,0.16289079139063062,0.5351179292315226,0.42696628714051266,0.18367346439608512,0.40449437702815305,1,0.8571428571428571,1.1904761904761916,1.1173708920187795,0.9515680765269742
0.5111111111111111,0.4785447858431974,0.36201288333733,0.27098999666124823,0.20984817193184463,0.4436818248204806,0.5396825346938776,0.24892703367533023,0.5291005241118671,8,0.5,6.8125,1.5317073170731708,0.9135191391925171
0.5660377358490566,0.6536548682600515,0.5462670352631009,0.46212091263001,0.38694508767311453,0.592483679097554,0.546184733955904,0.36363635863680593,0.5381526054418478,5,1.3846153846153846,5.047008547008549,0.7159692159692159,0.9780420557009473
0.2672413793103448,0.30538922155688625,0.16048587938102607,0.10536611249705187,0.06686383602746152,0.2156125356125356,0.273170726713147,0.053846148848817034,0.2536585315911958,8,0.42857142857142855,16.26190476190476,2.405349794238683,0.9347159728412705
0.41346153846153844,0.39855072463768115,0.23156681196967127,0.1392611539534489,0.07813771227952382,0.34664961663044813,0.3966942098773992,0.10355986555440375,0.3884297470674818,6,1.5,2.2499999999999982,0.8720379146919433,0.9020110598857707
0.30612244897959184,0.34634088760997284,0.22634871337886134,0.16861726512482797,0.125502364356715,0.26950908918273014,0.3179487130750822,0.13733905094881116,0.3179487130750822,1,0.9090909090909091,2.3090909090909086,0.8451219512195122,0.9565614157965121
0.6067415730337079,0.6842105263157895,0.5481545454856355,0.4535682072291169,0.37126713922357385,0.7123625954891855,0.6985645883271904,0.5365853608610036,0.6889952103367598,1,1.1,0.17272727272727195,1.01010101010101,0.9860456371271445
0.33613445378151263,0.34030351628789074,0.23315030897921885,0.16829178030682668,0.11796797368907203,0.2852552777148362,0.3571428522778061,0.14414413930110306,0.3571428522778061,4,0.6923076923076923,0.18803418803418737,1.009936766034327,0.9806730530519325
0.5348837209302325,0.48598130841121495,0.3967752067564086,0.3281395951370046,0.2617620249574002,0.5452266632946419,0.5543478211460303,0.33472802851910866,0.5543478211460303,15,1.8823529411764706,2.3125,0.7430555555555556,0.9439575337512405
0.3258426966292135,0.2791666666666667,0.15284380045040338,0.08592570085970067,0.047215859482785165,0.3134954193093728,0.2808988715111729,0.0727272677867772,0.2808988715111729,1,1.0909090909090908,8.090909090909092,1.6793893129770994,0.7398471583683703
0.49473684210526314,0.5562130177514792,0.40277636083089763,0.30074320890383127,0.23093242408070833,0.4710520943788108,0.4999999950245001,0.2904564265422428,0.4699999950245001,0,1.0,0.7368421052631593,1.0903225806451615,0.9285201163119827
0.42528735632183906,0.4577035916528164,0.33326743862890096,0.2540694355177387,0.1801915994896941,0.38007662835249045,0.4845360775507493,0.24892703373943162,0.4639175208497183,3,0.7,0.6142857142857139,1.0381543921916592,0.980316954210787
0.5569620253164557,0.5596847910934013,0.42716231839508156,0.3453125124088808,0.27897473266511935,0.533810511423486,0.48958332835286456,0.2818181768595042,0.4687499950195313,2,1.2,3.216666666666667,0.7826576576576577,0.9648033854848936
0.4880952380952381,0.5818074096129001,0.4039714461712868,0.29612244258225434,0.20304823409566566,0.4636735905791703,0.4897959133678676,0.24096385042821902,0.4795918317352145,5,1.5,5.566666666666666,0.6626262626262627,0.982526071707468
0.5645161290322581,0.5535714285714286,0.42371768848689756,0.3232591783894436,0.2497910297837585,0.5634559703035047,0.5100671090959867,0.3422459843083875,0.45637583392820147,1,1.1,0.618181818181819,0.9427609427609427,0.9724021205486747
0.39,0.36929460580912865,0.24809091270779773,0.16975078248583383,0.11172550772527523,0.4635258243218329,0.4219409233555877,0.20735785460833786,0.4219409233555877,1,0.9166666666666666,9.242424242424244,1.729665071770335,0.9168275539605762
0.5822784810126582,0.5508982035928144,0.37334150966204677,0.2601119717987627,0.1791548998332578,0.6050771494201265,0.5434782558843336,0.20095693281289362,0.5434782558843336,0,1.0,2.9090909090909083,1.237037037037037,0.8557554545767465
0.5824175824175825,0.7355683673089771,0.6223606711809524,0.5395532041253084,0.4570213660776254,0.7177229531336464,0.6225680883889234,0.4691357974693264,0.6225680883889234,0,1.0,0.0625,0.9951923076923077,0.9950254909932755
0.6571428571428571,0.6089108910891089,0.5531456853792962,0.5020352905352428,0.4485373268424366,0.7205365468030913,0.6725663667064767,0.5092250872809467,0.6548672516622289,13,1.8666666666666667,3.1190476190476195,0.6981566820276497,0.9483662683463103
0.7733333333333333,0.7992830821979431,0.6977278748747557,0.6066071468922682,0.5235441878052236,0.7729648378761369,0.7677725068574381,0.5799256455659818,0.7298578149143101,0,1.0,0.6363636363636367,0.9588235294117647,0.9923519599417615
0.3333333333333333,0.22105263157894733,0.15672078199387574,0.1079472262072745,0.07081724970119521,0.3903582117015463,0.35897435442179854,0.15894039268453153,0.3418803373277815,6,1.6,4.675,1.6493055555555556,0.7743689917321853
0.425,0.3401015228426396,0.22815861924796688,0.15026392551309353,0.09015081639526043,0.41179411524522436,0.3647058774221454,0.10471203698473201,0.3411764656574395,2,1.125,4.131944444444445,1.6065239551478083,0.8622696516671393
0.34513274336283184,0.4690721649484536,0.3343644469072482,0.2570739117056217,0.1951767740072064,0.4791910324979959,0.429268287692564,0.17721518488418891,0.41951219013158836,8,1.7272727272727273,3.5167464114832523,0.7438131753224121,0.9675034619890617
0.46464646464646464,0.46028485068706604,0.3599278002397609,0.28507112986284644,0.22743837855784008,0.45514329298113076,0.49579831439693534,0.30824372269626554,0.4789915917078596,2,1.1818181818181819,7.958041958041957,0.5965969514356612,0.9843048337302308
0.5377358490566038,0.484251968503937,0.34448576585177304,0.26509372899043193,0.2132369557995684,0.45656058272468963,0.42241378812165586,0.2135231266832995,0.4137930984664834,2,1.1333333333333333,0.007843137254901933,1.0005252100840336,0.931594538878579
0.7261904761904762,0.7345946752591489,0.6616666292962098,0.6029549033912835,0.5505262005502793,0.7360342309193288,0.7142857093112245,0.5543859599394276,0.7142857093112245,1,1.1111111111111112,4.944444444444443,0.7797029702970297,0.9825497551612865
0.7123287671232876,0.7651484388962162,0.6845958441809848,0.6130092364686113,0.5412329899836225,0.7716475095785442,0.7499999950086805,0.5517241329681927,0.7499999950086805,1,1.125,3.1388888888888893,0.8280060882800608,0.9871296653592699
0.37735849056603776,0.37176378801249765,0.22239774386709715,0.11676831924131159,0.05995625819070381,0.2757550127146133,0.33460075546502055,0.12777777283348785,0.31939162998973536,2,0.8461538461538461,3.0,1.1666666666666667,0.8782770377816567
0.26136363636363635,0.2562842637795846,0.10019509639631104,0.020718140225686844,0.008918709899295005,0.19757016770604946,0.21249999502812514,0.04419889005341774,0.21249999502812514,3,0.7272727272727273,2.7386363636363633,1.2353515625,0.9202056737793304
0.4,0.4132231404958678,0.2272727272727273,0.1321450311606875,0.0861864979768289,0.33253968800104594,0.3151515101825529,0.10112359056874155,0.3151515101825529,2,0.8,3.125,1.2604166666666667,0.9293891091592934
0.3380281690140845,0.4114932688975984,0.2951655669223162,0.2285287185195778,0.16606283838160826,0.3767244126752868,0.37410071443093007,0.13580246413885097,0.30215826838776466,8,0.2727272727272727,25.151515151515156,3.2493224932249327,0.9548229754766886
0.4205607476635514,0.5560538116591929,0.3908830526657683,0.2843157756690815,0.200279810720314,0.5038527235529173,0.5098039165705499,0.2208588907072153,0.501960779315648,1,0.9473684210526315,1.9152046783625742,1.18285873813512,0.9666278079600664
0.4838709677419355,0.5252525252525253,0.3651202865743749,0.2535907559475782,0.18306666885947867,0.4914965986394557,0.48605577189631916,0.19292604001654257,0.4701195169162395,2,0.8333333333333334,3.3000000000000007,1.2,0.9893734638752203
0.3706896551724138,0.284375,0.14928644280801118,0.0768851395747264,0.040358396326493295,0.31897315270935955,0.2591093068924258,0.07766989800944721,0.25101214090052293,10,1.7692307692307692,0.7023411371237458,0.9519450800915332,0.8029759953086325
0.379746835443038,0.39283783011305984,0.23874169798471534,0.15320919810656447,0.09095100047932443,0.31991376059547816,0.39080459271766416,0.13392856644810286,0.33333332834984813,6,0.4,19.3,2.2697368421052633,0.8652232976458666
0.5662650602409639,0.7158469945355191,0.5883228888405223,0.49738747327079796,0.42114311431588386,0.6843954925640942,0.6726457349184581,0.45791245291387506,0.6547085151875165,1,1.0769230769230769,1.0054945054945055,0.9285714285714286,0.9795849378242992
0.7285714285714285,0.8263076877186143,0.7369989265246103,0.6563306660850559,0.5745273320061066,0.8262472666399985,0.8152173863137997,0.6507176983585542,0.8152173863137997,2,0.8947368421052632,0.7739938080495365,1.102124183006536,0.9877628203191056
0.0,0.017402945113788492,0.0015273619301446834,0.0007304493796624323,0.00045293791719064916,0.02756573367260391,0.0,0.0,0.0,10,0.09090909090909091,730.7272727272727,45.90502793296089,0.0682577994190291
0.21153846153846154,0.19352926593295253,0.0987085926207357,0.019053987500801867,0.00792973599587164,0.1910187826070505,0.23204419399041554,0.05240174181651808,0.23204419399041554,10,0.09090909090909091,110.81818181818181,8.814102564102564,0.8869572387097355
0.45544554455445546,0.5835573726715196,0.3959590844530967,0.29838423675127757,0.2257280880067964,0.4785050180788913,0.4951456260910548,0.27868851961166363,0.4660194124988218,6,1.6,6.350000000000001,0.6055900621118012,0.9661313804353647
0.6507936507936508,0.7422874829328117,0.673286106609902,0.6180083704146935,0.5608199697347583,0.7409247634921337,0.6845637533912887,0.5586592128809963,0.6845637533912887,0,1.0,0.41666666666666785,0.9541284403669723,0.9935896940946338
0.6767676767676768,0.6985122163701314,0.6074362516165285,0.5465607350641606,0.4938914001851864,0.6701650862119115,0.6516853882837467,0.5041551196675902,0.6441947515796266,1,1.0555555555555556,1.3947368421052637,0.8966861598440545,0.9811858907768587
0.3541666666666667,0.20315364093302124,0.11468497612567041,0.07060951886308879,0.043780168071103284,0.2127030562839756,0.29787233560887283,0.07725321427324162,0.2872340377365324,11,0.3888888888888889,3.8809523809523796,1.327967806841046,0.9811417596302984
0.39759036144578314,0.3732917412280946,0.21699349343699795,0.1365548623745377,0.0840631224810919,0.2684121621621621,0.39252335967857455,0.11683848312608515,0.39252335967857455,1,0.9230769230769231,3.5961538461538467,0.835387323943662,0.9393987138534792
0.54,0.6754123036374002,0.5466870893925414,0.46574787153592834,0.39369527984674024,0.6211770510597232,0.5511810973625149,0.40243901939693644,0.5354330658664519,0,1.0,0.09999999999999964,0.9912280701754387,0.9840889959075201
0.38524590163934425,0.3564572932987592,0.19263326029929256,0.12887498977777595,0.09076017150321622,0.2533922522247018,0.28455284058430835,0.12025315969235721,0.27642275928349536,1,0.9473684210526315,0.5760233918128659,0.9543981481481482,0.8816645552394572
0.3302752293577982,0.3851851851851852,0.21405907121629966,0.12214275687859151,0.06620421161657986,0.2658987874449578,0.334728028504403,0.10158729664903023,0.3179916268307628,6,1.4615384615384615,3.0202429149797556,0.824718045112782,0.8726712537548047
0.359375,0.4885690378104688,0.3792622075256559,0.2897475266913679,0.21806315365116086,0.39642232723207144,0.4895104845144017,0.2727272677388545,0.4755244705283877,1,0.9,3.9222222222222207,0.8679386457164235,0.98477649087287
0.3567251461988304,0.5016077170418006,0.3365505291733445,0.2397434277308401,0.16891252938501047,0.4539638132345613,0.5109034219077844,0.2863741289857006,0.5046728923127688,14,1.56,3.8256410256410263,0.675793133420252,0.9376236057146786
0.5849056603773585,0.6504854368932039,0.5113410177154271,0.42061534604995526,0.32816667425152285,0.6849036927483818,0.5619834660747217,0.35820895022499455,0.5289256148350523,0,1.0,0.18181818181818166,1.0198019801980198,0.986924834294226
0.5454545454545454,0.575027759143327,0.4714767957507121,0.3807212341651845,0.3031904470286629,0.5238302304107884,0.5039370028817658,0.28930817111032003,0.5039370028817658,2,0.8181818181818182,1.5151515151515156,1.1282051282051282,0.9527385411032604
0.44516129032258067,0.4945054945054945,0.36430282480063836,0.2880565153765939,0.2248810103395043,0.442501425151066,0.43292682431012053,0.2413793053686089,0.4146341413832912,6,1.4285714285714286,5.492857142857142,0.7130597014925374,0.9647401578270336
0.4368932038834951,0.40145985401459855,0.26568091380189646,0.1732442324218301,0.10983898889690562,0.4450542032684769,0.40776698529314737,0.18656715917910463,0.40776698529314737,2,0.8947368421052632,6.74922600619195,1.7204230006609385,0.8176569849787968
0.4574468085106383,0.5636901769089965,0.43597310514150445,0.3424739967986821,0.2577770988188196,0.47247688915169267,0.4901185720883001,0.26086956023591695,0.4822134337483791,1,0.9166666666666666,0.8257575757575779,1.041116559788759,0.9651262067183498
0.6741573033707865,0.7374301675977654,0.6273533935984419,0.548811814450949,0.4767188931169498,0.751907319481205,0.643776819034427,0.5229681928799211,0.5751072911374312,3,1.2727272727272727,2.85064935064935,0.8176910299003323,0.9954522738512844
0.4444444444444444,0.6086956521739131,0.4806638802621209,0.39399435276275196,0.3101161684913236,0.5639845656500165,0.5128205078731098,0.27083332835991764,0.49999999505259707,2,0.8666666666666667,1.4820512820512821,1.1622683885457608,0.9671107969383765
0.3130434782608696,0.3962779843978086,0.24416308070279102,0.1575764084321322,0.10732188704974019,0.3280384619667219,0.28571428088088946,0.09677418868907413,0.2777777729443815,6,0.6,7.711111111111112,1.5117994100294987,0.8605644605539733
0.6133333333333333,0.6867469879518072,0.5842023985719861,0.511464756378461,0.4385795726417468,0.7086652018007132,0.643902434025461,0.48799999500032,0.6341463364644855,1,1.0909090909090908,0.16666666666666607,0.9880952380952381,0.9822195763372847
0.34959349593495936,0.46075085324232085,0.3202567755143447,0.22526492151220479,0.1515475253189731,0.3671865344727311,0.4199288206456352,0.17366946279029272,0.4056939452007953,3,1.2307692307692308,0.4663461538461533,1.0261314655172413,0.9145494277902705
0.5384615384615384,0.5684603717425539,0.4098584716108147,0.30589204827315986,0.22669639060139674,0.4533486575540471,0.46153845654319525,0.24242423744646474,0.46153845654319525,9,0.5,8.333333333333332,1.9374999999999998,0.8963421963015756
0.5,0.5094028919813428,0.3888497585212598,0.3007062935057373,0.23685504536391713,0.49819453634388694,0.5054945004999397,0.31428570932244904,0.48351647852191765,0,1.0,2.4545454545454533,0.83125,0.9853607160715735
0.4268292682926829,0.44144144144144143,0.279108277990115,0.17754997857430624,0.11802254387285975,0.3573709662702637,0.3909090859095042,0.1456953592699883,0.3818181768185951,1,1.0909090909090908,0.40909090909091006,1.0226130653266332,0.8977474108342832
0.7419354838709677,0.8181818181818182,0.7614067636554457,0.7093110501591844,0.6583137868721253,0.822106541898078,0.7532467482543431,0.6376811544297418,0.7532467482543431,2,1.1428571428571428,1.2857142857142865,0.8953488372093023,0.9898927890489324
0.3805970149253731,0.4256198347107438,0.26908800349140355,0.18818843020005796,0.13355034606953806,0.3542042925697411,0.4187725581774818,0.16802167521860165,0.4043321249644854,1,1.0833333333333333,0.9487179487179489,1.053701015965167,0.9622549909198144
0.39215686274509803,0.44476405302941985,0.3049634388762452,0.22934489557553311,0.17170218921465494,0.3456965718396687,0.29906541566793804,0.13846153353727828,0.2928348860729225,0,1.0,3.3000000000000007,0.8825622775800711,0.9400111897921314
0.6341463414634146,0.631578947368421,0.4760518742709706,0.3644111581786164,0.27675786895877985,0.558266868976488,0.5471698063211998,0.25619834210777964,0.518867919528747,1,1.0714285714285714,0.31428571428571317,0.9731707317073172,0.9875956458512604
0.6301369863013698,0.6576824390038419,0.5252834942276342,0.4314106932137529,0.3509794959886321,0.536084195212968,0.6781115829939767,0.41945288258829844,0.6437768190454788,2,0.8333333333333334,0.016666666666669272,0.9991416309012874,0.9871583454686346
0.6041666666666666,0.6288398744707581,0.5186639638031507,0.4300407286369714,0.3513079371950764,0.5961860269550296,0.6454545404694215,0.4357976603915275,0.599999995014876,4,1.2857142857142858,3.5476190476190474,0.7095516569200779,0.9887530981731082
0.5913978494623656,0.7087199142759582,0.6156265478207006,0.5351961319872008,0.45856679819105006,0.6454808826645667,0.6699029076515224,0.528735627210405,0.6601941697874446,1,1.0555555555555556,1.2631578947368425,0.8736842105263157,0.9874180171504774
0.40869565217391307,0.3944954128440367,0.21740913387627922,0.14448904049207614,0.10446295471449227,0.27970387406738445,0.28451882345407126,0.10101009601469263,0.27615062261725115,9,1.9,7.726315789473684,0.5975877192982456,0.9092666034475718
0.4782608695652174,0.56,0.414261877591707,0.2964645158186038,0.18746801804853677,0.5927434817498322,0.5189873367793624,0.29473683711412746,0.5189873367793624,1,1.0714285714285714,0.5476190476190483,1.070336391437309,0.9857008931300889
0.3543307086614173,0.35132584905705877,0.22594192721307507,0.15759996148868968,0.11913784607628687,0.38543681863897983,0.3295880100576527,0.13468012975773466,0.3220973733535329,2,0.8461538461538461,1.1888111888111883,0.9231117141564903,0.8670866726258257
0.6504854368932039,0.7208782639255163,0.617355639706364,0.5420656881005605,0.4673828196901478,0.6813646990028415,0.6816479350755377,0.5247813361130141,0.6367041148508186,1,1.0625,1.242647058823529,0.9120249869859448,0.9861625591575475
0.3389830508474576,0.37755102040816324,0.2410078263677067,0.15606150708906621,0.10280374537970702,0.34419040943450496,0.3114754048444639,0.09386281089236169,0.3114754048444639,11,2.1,7.166666666666666,0.5656565656565657,0.9802774517968268
0.4742268041237113,0.5989847715736041,0.4352870026562316,0.32454026215604886,0.2474025456344473,0.5116829644879053,0.5166666616947917,0.31746031246883355,0.4999999950281251,1,1.0625,0.5367647058823533,0.95573074590661,0.9754485499478259
0.38372093023255816,0.40625,0.2767140773944691,0.19310791875826827,0.12621138017097747,0.4315114994802495,0.43617020783442734,0.22807017049399825,0.43617020783442734,2,1.1818181818181819,2.1328671328671334,1.1687880464858882,0.8381750047206947
0.7258064516129032,0.56,0.47660108516190985,0.4132220424361385,0.3484372986897244,0.7132976545577208,0.6601941697591669,0.4478764428783113,0.6504854318950891,7,1.7777777777777777,4.263888888888889,0.7856145251396648,0.8008008803413078
0.5208333333333334,0.5590833566397664,0.4411252938751491,0.3549855395510846,0.27728675574913625,0.511919326821794,0.5439330494186027,0.31612902731821024,0.5188284469081423,1,0.9411764705882353,1.8161764705882355,0.8596590909090909,0.9834638330362037
0.5176470588235295,0.5375141189947724,0.4380620536987319,0.3699912412375825,0.3150926699418423,0.5038112150106804,0.5583756295642764,0.3884297471152927,0.5583756295642764,2,1.1818181818181819,4.552447552447553,0.6983317886932344,0.9840626328912261
0.7457627118644068,0.6090225563909775,0.5305113023947348,0.4725073230715285,0.4139085511425913,0.6627724811498781,0.7183098541638565,0.5333333283728395,0.7183098541638565,3,1.2727272727272727,0.1363636363636367,1.0145631067961165,0.9791430185698708
0.2967032967032967,0.241168199443234,0.14759095981872603,0.0992182493279882,0.05997726134806383,0.15514826240241758,0.23456789632677957,0.07142856650354053,0.23456789632677957,10,0.4117647058823529,8.873949579831931,2.0549450549450547,0.9049227179653403
0.463768115942029,0.39901477832512317,0.2845841669451962,0.2003148166596524,0.117619615434055,0.4676553910771425,0.3999999950110727,0.15596329775397708,0.3764705832463668,2,0.8,11.275,1.799645390070922,0.7591802890821313
0.14953271028037382,0.11626170989536365,0.04333135985121903,0.02036472155049369,0.0074778883493228695,0.09264948420269702,0.13043477782195198,0.02620086863027106,0.13043477782195198,9,0.5,3.4444444444444446,1.2792792792792793,0.9109102105276314
0.8192771084337349,0.847457627118644,0.7819959843685689,0.7294105073711157,0.6768376514242045,0.8453906222419864,0.8412017117390264,0.740458010268341,0.8412017117390264,2,0.9047619047619048,1.0300751879699241,1.1243194192377495,0.9934801291258218
0.5737704918032787,0.48148148148148145,0.3326424863039926,0.23077770158932995,0.15595320679820954,0.4118670568144734,0.44025156733198845,0.19148935670269368,0.42767295097978725,1,0.9285714285714286,3.175824175824175,1.3420118343195266,0.9596778869304232
0.38461538461538464,0.3568904593639576,0.22779009899094801,0.16004137658996234,0.0992271842265571,0.3256228024520647,0.30769230269704145,0.08695651673918667,0.2999999950047338,2,0.8333333333333334,11.55,1.6895522388059703,0.8997826589540925
0.34444444444444444,0.3286385758123027,0.15955539445359623,0.08357612761338443,0.024942069514629184,0.23447268180628655,0.3146067366134327,0.09302325083223391,0.3033707815572529,5,0.5,13.899999999999999,1.9720279720279719,0.9245859610538261
0.559322033898305,0.6488889884035001,0.5325396462571254,0.44656880507265784,0.3605752815193201,0.6410221355983596,0.6399999950080001,0.40935672016688907,0.6266666616746668,3,0.7,3.4000000000000004,1.3207547169811322,0.9720479420722654
0.55,0.6304347826086957,0.5062910486033141,0.3884579686384832,0.28966609569469925,0.7358671414125778,0.6315789423955679,0.40707964103688626,0.6315789423955679,2,1.1818181818181819,0.7132867132867133,1.1120879120879121,0.9565610660817714
0.288135593220339,0.3222748815165876,0.18374474263116997,0.08859584834776757,0.049926089663404,0.3514835324435298,0.3436123298235945,0.10370369875006884,0.33480175713636984,4,1.3333333333333333,1.520833333333334,1.1303571428571428,0.9564366349990505
0.5492957746478874,0.5314285714285715,0.36658455566649556,0.24436537033920336,0.15444934853296924,0.6008315016854956,0.5161290272599377,0.2604166616672093,0.49032257564703435,2,0.875,4.1875,1.5037593984962405,0.8960652786461677
0.38,0.458128078817734,0.3122856285641967,0.2362059454177218,0.17823492945741898,0.44273433467832923,0.40909090409462817,0.20454544954660253,0.399999995003719,2,1.1176470588235294,0.7430340557275539,1.0747430706944876,0.9182807719515856
0.25196850393700787,0.3374498010431595,0.17818081496165483,0.08935135393627212,0.043380446865315704,0.20645283896225974,0.3119266005197375,0.06766916800469255,0.302752288593132,2,0.8461538461538461,0.93006993006993,0.935342732134176,0.9864868827792304
0.4084507042253521,0.49583333333333335,0.32207269811811473,0.22204903777618792,0.14494339862940245,0.3900725529317355,0.40989398794041626,0.2131147490997045,0.402826850131229,5,0.7368421052631579,5.142857142857142,1.4285714285714286,0.93653051957573
0.48148148148148145,0.6112476079482904,0.4414164696207824,0.3367402890318488,0.2607590850256318,0.5158545414600778,0.5268292632937539,0.26724137431183126,0.5073170681718026,2,0.8181818181818182,2.3636363636363633,1.1870503597122302,0.9916481099525911
0.7295081967213115,0.7392081795946911,0.6492715623234608,0.5830363050824627,0.5237856801174844,0.7364099936499888,0.7173252229639415,0.5603864684328689,0.7173252229639415,7,1.4666666666666666,5.633333333333333,0.6712062256809339,0.9924913458099749
0.2815533980582524,0.3102040563200766,0.16210102467420578,0.09724994273814559,0.06436009490771914,0.2408657657553782,0.23232322745383135,0.061946897781737405,0.21212120725181113,1,0.9166666666666666,1.4924242424242422,0.8813967489464178,0.955829190004376
0.5192307692307693,0.4785672702360961,0.40008596456123885,0.346520477338208,0.29966827621957964,0.4804257641921398,0.40999999511250007,0.21399176467611655,0.3999999951125,4,0.6666666666666666,2.291666666666668,1.1170212765957448,0.968591398681723
0.35353535353535354,0.43774797738697047,0.28404359520498107,0.1948121055461764,0.1265038907565776,0.3511325057439731,0.4465116229313142,0.18374557809137348,0.42790697176852355,2,1.1333333333333333,2.8235294117647065,0.7828054298642534,0.8788516566821202
0.375,0.5252210578976083,0.45014922508216654,0.390554194407801,0.3340889729952115,0.4723013385014515,0.5533980532755209,0.38211381619406437,0.5533980532755209,5,1.4545454545454546,7.02840909090909,0.5887632978723405,0.9657242816082442
0.32608695652173914,0.3045977011494253,0.2139572134565391,0.15413195769949894,0.10909194259797825,0.3794727675194815,0.3409090859872159,0.15686274012158802,0.3409090859872159,5,1.5555555555555556,0.12698412698412653,0.9898862199747156,0.9549473180434672
0.3333333333333333,0.3135162674263922,0.19635683377564472,0.11923006366741923,0.07621015611723762,0.26861702127659576,0.37499999510204085,0.0799999951411203,0.37499999510204085,5,0.4444444444444444,8.333333333333334,1.78125,0.9311576580861587
0.328,0.48289628366062737,0.32479251965830713,0.22620072931145793,0.14233779003624872,0.37667511655744773,0.44360901764797334,0.2035928095019543,0.44360901764797334,5,0.6666666666666666,2.9333333333333336,1.1825726141078838,0.9503455947018473
0.5753424657534246,0.5660377358490566,0.4274440116442366,0.33050910283911467,0.24462107209861683,0.516075120246586,0.46327683116218205,0.20465115780378595,0.4519773961339335,2,1.2,2.4499999999999993,0.8439490445859873,0.9375550883676902
0.3333333333333333,0.39057239057239057,0.2118089820169222,0.12479920881310368,0.07812013299605317,0.3046824839704267,0.3178807897335644,0.08142493141036879,0.311258273177273,0,1.0,1.6315789473684212,1.1165413533834587,0.7906449736977794
0.2465753424657534,0.3062500000000001,0.1520302849670743,0.08574263595645722,0.05225145239120323,0.3168926239109561,0.3013698581488085,0.08988763545953822,0.3013698581488085,1,0.9,6.477777777777778,1.5732546705998034,0.9149611242886048
0.32456140350877194,0.2375633138701354,0.1436869146658964,0.0926764335956952,0.05362692939198231,0.22004613503969708,0.3076923029242604,0.10303029835427019,0.26153845677041426,8,0.4666666666666667,7.057142857142857,1.4200680272108843,0.9415748454842222
0.6222222222222222,0.6442307692307693,0.5186045791204413,0.42810004327595697,0.3507880462608613,0.682185693683976,0.6101694865254238,0.3999999950000001,0.6101694865254238,1,0.8888888888888888,2.5555555555555554,1.2446808510638299,0.9762911031408903
0.5066666666666667,0.6850404272396743,0.5787129618793357,0.5014114019272277,0.4315810627521792,0.6167035398230089,0.6043955994342471,0.4388185604265698,0.6043955994342471,2,0.8571428571428571,1.9880952380952372,1.1537753222836096,0.9899986195504792
0.45454545454545453,0.5621301775147929,0.38803425526993224,0.2613042639824519,0.16950784022432022,0.47562446640815775,0.5056179725438709,0.19178081693042276,0.4831460624315112,3,1.1764705882352942,0.038235294117646035,1.0045454545454544,0.940628315195821
0.6438356164383562,0.7085714285714285,0.6087484806089277,0.5243524387841819,0.44096157738020914,0.7320555260853662,0.6421052581601109,0.4634146291476635,0.6421052581601109,3,0.8,3.5166666666666675,1.3177710843373496,0.9754201528386867
0.2553191489361702,0.24264425150328828,0.11780101091638674,0.038714226185524385,0.011968558508054731,0.18671705294592641,0.25899280090445637,0.04142011354556969,0.23741006709150675,3,0.7857142857142857,1.5324675324675319,0.9134897360703813,0.9028740480420445
0.35294117647058826,0.4186046511627907,0.2616550735732534,0.1859193810771727,0.12689214582589628,0.34733390079907095,0.4156862695135718,0.17419354339229984,0.3999999950037678,8,1.6666666666666667,4.583333333333334,0.7010869565217391,0.9172546088292622
0.43956043956043955,0.5615763546798029,0.4283518922664547,0.3408835328226832,0.27067345221508254,0.530312321019473,0.499999995000336,0.2866449461413914,0.4918032736888605,3,0.8,4.050000000000001,1.3147668393782384,0.9734565016248118
0.6811594202898551,0.8031496062992126,0.7140982131106015,0.638678536728922,0.5701954271242237,0.8316274496993468,0.7515151465153352,0.6120218529248411,0.7515151465153352,0,1.0,0.3999999999999986,1.032520325203252,0.9931041571086422
0.7625,0.7672277537981911,0.6283116037940711,0.5245694716287282,0.4382429997313371,0.6958223900372661,0.6607929465419474,0.4253731293286367,0.6255506557930486,0,1.0,0.44444444444444287,0.9767441860465117,0.9962874541458653
0.3,0.37158469945355194,0.21669911392273716,0.1184190826272328,0.05422862719544316,0.33221221157115327,0.3380281640150764,0.09917354872208209,0.31924882129207177,3,1.2727272727272727,0.4740259740259738,0.9650047938638543,0.9571238201038846
0.4691358024691358,0.38145434639656006,0.25051451388923757,0.15411918913230702,0.08086303750134714,0.3102445732866918,0.3850267329714891,0.12711863907677412,0.36363635863993826,7,0.4166666666666667,17.85,2.2981818181818183,0.9508644299395642
0.34710743801652894,0.41203703703703703,0.28031144239451844,0.21267997613760714,0.15672528922313736,0.40074255311164925,0.3983402439648079,0.24080267059786814,0.3734439784046419,13,2.1818181818181817,6.0,0.6,0.9450179685598087
0.4,0.39880952380952384,0.2443399773315529,0.15077896171241023,0.08758711017799055,0.3104154283072452,0.2783505104660432,0.12173912543478281,0.2783505104660432,4,1.3636363636363635,2.709090909090909,0.8052287581699347,0.9448341037105944
0.6666666666666666,0.6757990867579908,0.5455268992803025,0.4337087638295243,0.3369408935268017,0.5791715826183066,0.6859504082262141,0.37699680011228043,0.6528925569865446,10,1.9090909090909092,9.298701298701298,0.5286372613561554,0.954436399786315
0.5692307692307692,0.6376811594202898,0.426062991962039,0.292162722874881,0.1807692999041714,0.591703469353058,0.5342465703509102,0.3135135085382031,0.5068493100769377,2,1.1333333333333333,0.6823529411764717,0.9224598930481283,0.94464159836111
0.36585365853658536,0.4297872340425532,0.23861606195462073,0.15355946227190348,0.09266449654253874,0.3229220003413552,0.35918366848813,0.10429447354285093,0.33469387256976263,3,1.2727272727272727,2.759740259740262,0.8588039867109634,0.9208731119562058
0.22857142857142856,0.23115577889447236,0.10804875884340184,0.05062384180932663,0.015681471597463723,0.17135465180111417,0.24902723242683467,0.05095540902572161,0.24902723242683467,11,0.3888888888888889,17.595238095238095,2.6241758241758237,0.9486257984468199
0.6666666666666666,0.7761194029850746,0.6917439606556604,0.6268725252455195,0.5676453555149217,0.746992941132713,0.7030302980393022,0.5853658486681738,0.7030302980393022,0,1.0,0.0,1.0,0.9780044812344699
0.4689655172413793,0.43302180685358255,0.29657638900818445,0.2162228898523387,0.1625409545426998,0.5367893132634749,0.43421052132358035,0.22691292376410643,0.4276315739551593,9,1.4736842105263157,0.21992481203007586,0.9811776061776061,0.8706367665866339
0.7083333333333334,0.627831715210356,0.5067940875064638,0.41137056049955745,0.3210941426861725,0.5839983530961792,0.6170212716008375,0.33466134958238763,0.6170212716008375,16,1.8,6.566666666666666,0.5665566556655666,0.9773486590319215
0.603448275862069,0.580298881036022,0.4471161813719958,0.3545986047993911,0.2690071179249503,0.5080136668157148,0.5746268606719204,0.3212121162269973,0.5447761144032637,2,1.1666666666666667,4.44047619047619,0.7544437129690587,0.9933328158060568
0.2796610169491525,0.4280707255330937,0.24879752207800207,0.15665558941742627,0.09635361854060007,0.27854542695052903,0.26206896055743173,0.06358381008921152,0.24827585710915584,1,1.05,1.609523809523811,0.8742559523809523,0.9770751776521652
0.4024390243902439,0.396078431372549,0.2764214739289172,0.19116443009182374,0.11214995573401206,0.4095028275673476,0.4387096727359001,0.17391303883124476,0.41290322112299693,5,1.263157894736842,3.3618421052631575,1.4628623188405796,0.9183902917407022
0.43636363636363634,0.4,0.24008732035944738,0.15529141255713583,0.10221178084174216,0.43475362157979597,0.4303797418362442,0.17328519356384173,0.4303797418362442,7,1.5384615384615385,1.26923076923077,0.9006024096385542,0.912803262388763
0.3058823529411765,0.28915517327551404,0.13955323448795454,0.08571243620269525,0.0460263163026767,0.196141975308642,0.2781456904802422,0.042553186557832176,0.25165562425507654,8,0.1111111111111111,93.33333333333333,7.363636363636364,0.9394581422710506
0.3877551020408163,0.23794501412185573,0.13008149653806161,0.07910793460848531,0.04400075988842387,0.19824824016676199,0.31612902759105105,0.06295399064519377,0.31612902759105105,9,0.5714285714285714,0.8333333333333321,0.956896551724138,0.9490864340162806
0.3728813559322034,0.421875,0.2780412508473785,0.1974073563634264,0.12833449376928208,0.4538782672171855,0.3771929774576793,0.1366906424830497,0.35964911780855646,10,1.7692307692307692,5.2675585284280935,0.6131171702284451,0.9645365501141621
0.3595505617977528,0.4999724927955849,0.3195131203975083,0.22401444880222252,0.1581482512980368,0.3640780520895539,0.4285714236603175,0.17985611022203832,0.4095238046126985,5,0.6153846153846154,8.98076923076923,1.6080729166666665,0.8246754143173667
0.3673469387755102,0.35096153846153844,0.21788313000924037,0.14697812513521558,0.08137156788588838,0.41929506161046903,0.34408601652618803,0.13452914299905505,0.3225806401821021,7,0.36363636363636365,39.45454545454545,4.144927536231884,0.88294741922163
0.6018518518518519,0.6666666666666666,0.5222329678670935,0.4296117168453836,0.35795245406351317,0.6683178855944644,0.6437499950017579,0.4034707108379878,0.6437499950017579,4,1.2352941176470589,2.0504201680672285,0.8776942355889723,0.9718202796795673
0.5801526717557252,0.503957783641161,0.3326520658842815,0.22875585739900703,0.16087354634226583,0.43564840922789866,0.45051194039534537,0.22340425033329572,0.4436860018287924,11,1.6470588235294117,4.6995798319327715,0.7422811059907835,0.8764734726698858
0.3425925925925926,0.27230590167280233,0.17939362187728258,0.13620695355677231,0.11098414067504579,0.22978368495814772,0.30697673940508385,0.13745703987907576,0.29767441382368853,2,0.75,3.875,0.8949152542372881,0.9272470697324766
0.34831460674157305,0.3155555555555556,0.1986062547968831,0.13802475196171402,0.10009782428558055,0.4335664335664336,0.3282051233314925,0.15384614902293828,0.3282051233314925,1,0.9166666666666666,10.62121212121212,2.080123266563944,0.9132633295927598
0.45918367346938777,0.31230283911671924,0.1663502433603222,0.10412686647315533,0.06699382800129641,0.37530004981998166,0.3076923027153417,0.07407406909163272,0.2895927552040294,10,1.7692307692307692,0.8595317725752505,1.066511387163561,0.7526984654648439
0.5625,0.6600985221674877,0.5331977668344873,0.4549388245175891,0.3893664144382884,0.6120760299105656,0.6255506557977062,0.4068965467243758,0.6079295104232568,0,1.0,0.40000000000000213,1.020100502512563,0.9915616251152235
0.6290322580645161,0.5949367088607594,0.468812900587727,0.37040005521732894,0.2892400208123834,0.7330214892385544,0.5294117597619378,0.33999999502450007,0.5294117597619378,0,1.0,4.75,1.3166666666666667,0.9596574595029259
0.4482758620689655,0.497387435780669,0.34515824259967354,0.2105366129460142,0.12453319646236682,0.4187990929908163,0.37569060273618027,0.11063829288329585,0.342541431465462,10,0.5,7.6,1.8085106382978722,0.9746193985911352
0.25252525252525254,0.3027027027027028,0.17208201799307432,0.10133663446363356,0.048059023069667736,0.2721835841539621,0.2708333283382162,0.07305935573570227,0.26041666167154953,3,1.3,0.9307692307692292,1.0699826489300173,0.8826843431663896
0.4594594594594595,0.4315068493150685,0.24396349340100712,0.14529716065557413,0.06706752802171587,0.35124782545961414,0.35064934566284367,0.0748663051845924,0.33766233267583073,2,1.1818181818181819,0.13286713286713336,0.9883076923076922,0.9061929528173599
0.5,0.6,0.4449023986560388,0.33355179015248504,0.25031655545131865,0.5410785378212087,0.48034933998054963,0.30263157394758483,0.4628820910722526,0,1.0,1.0,1.0655737704918034,0.9718060542517453
0.193717277486911,0.061083376579207184,0.0333689672109367,0.011146271377048935,0.003486182553695788,0.07925846319183236,0.21122111822588205,0.04687499622409428,0.19801979809386888,10,0.5,5.899999999999999,0.7035175879396985,0.905553463666045
0.3230769230769231,0.4946957767689468,0.3748839389550588,0.29221461304881946,0.23390890074922094,0.3638014570522111,0.41860464618202037,0.24404761407755823,0.38759689424403587,10,1.8333333333333333,8.484848484848486,0.5197255574614065,0.9646527580767079
0.6438356164383562,0.6288659793814433,0.5231666348437036,0.4367689156743026,0.35657507607399047,0.6467517401392112,0.5578947318443214,0.3148936120213672,0.5473684160548478,1,0.9090909090909091,3.9454545454545435,1.2552941176470587,0.9581386158596027
0.4639175257731959,0.5454545454545454,0.4431293675255978,0.37125155645169927,0.3046210504796873,0.5517477379516964,0.5321100867448028,0.3307692257718935,0.5229357748181972,2,1.2,0.7333333333333343,0.9523809523809523,0.9635281243665359
0.3225806451612903,0.2620519204298114,0.12314581595697956,0.06493824870328437,0.021491726496662738,0.19180776959400012,0.24539876802890598,0.042328037359536996,0.20858895207798575,8,0.1111111111111111,92.55555555555556,7.884297520661157,0.9466673916130154
0.5543478260869565,0.5596707818930041,0.4662539898481821,0.3941620110374926,0.3268358228525031,0.5916658010842039,0.5882352891565744,0.3985239802453671,0.5882352891565744,8,1.5333333333333334,3.234782608695653,0.7655954631379962,0.9701765041301028
0.40625,0.39655172413793105,0.26909811055347127,0.2000286658059478,0.15241485903938143,0.4851822505679749,0.4444444395061729,0.20155038264767758,0.4444444395061729,1,0.9166666666666666,3.545454545454545,1.5064935064935063,0.9193121337799476
0.6111111111111112,0.7092198581560284,0.6204877644693163,0.5500348489368376,0.47503242631536874,0.7096303879310344,0.6172839456203323,0.4600938917163702,0.5802469085832953,0,1.0,0.08333333333333304,1.014388489208633,0.9884133440874655
0.4925373134328358,0.41830065359477125,0.277588514814521,0.19106621449596395,0.1153279390120235,0.471346737213404,0.44444443944465806,0.1770833283355036,0.39215685774531167,0,1.0,2.3076923076923084,1.2439024390243902,0.9605361512771335
0.6741573033707865,0.6577517627871353,0.5707452851663766,0.5004605206988939,0.43502482359179234,0.6575758332804221,0.6826923027149594,0.5359999950320001,0.6826923027149594,3,1.2142857142857142,3.3991596638655466,0.7150405072208524,0.989626580374329
0.7424242424242424,0.6237113402061856,0.49980683020987343,0.41811449027893605,0.3465460131059563,0.6510511702954691,0.6279683327325765,0.4354527888365428,0.6226912878776951,12,1.631578947368421,5.062818336162987,0.7119953641104887,0.9363841273751633
0.2222222222222222,0.2457700290175989,0.10685680806551237,0.02154204140262644,0.009152747287901204,0.15724545038433002,0.21656050455596587,0.020833328338217345,0.21656050455596587,1,1.0909090909090908,1.5681818181818183,0.8673076923076923,0.9577030440410504
0.5892857142857143,0.56,0.41579550988468894,0.32723943791209803,0.25723676231816167,0.5681940700808625,0.6322580595513008,0.3703703654444165,0.6322580595513008,3,1.2727272727272727,0.9870129870129869,1.1014686248331107,0.9587131202257048
0.45555555555555555,0.3174061433447099,0.22602952238682367,0.17705750420849284,0.13255691279970175,0.4059431975014166,0.4039408817268073,0.19999999507573976,0.3940886649780389,1,1.0769230769230769,6.697802197802197,1.4706563706563707,0.9172812915758002
0.35802469135802467,0.3473053892215569,0.204558115942091,0.14355850150513305,0.09603224501951503,0.3641789006218473,0.3827160444924555,0.1702127610389318,0.37037036548010976,2,0.7777777777777778,12.412698412698413,2.084604715672677,0.8582531601246817
0.3364485981308411,0.21705289226934923,0.1480752986863673,0.10193508926801574,0.06942122509064881,0.18915246931373436,0.28947367945098496,0.10423452298570829,0.2719298198018622,10,0.3333333333333333,16.06666666666667,1.886029411764706,0.9120796862390558
0.3684210526315789,0.247673621705504,0.14350060872679513,0.07899251021803844,0.0225493461409699,0.2144092219020173,0.2803738269019129,0.09125474805476468,0.25233644372434283,9,0.25,32.583333333333336,3.209039548022599,0.9254373043060741
0.5487804878048781,0.4574468085106383,0.31669515993437897,0.22793784441765058,0.1610840498839634,0.4612618350040599,0.4947368371102493,0.24137930534519927,0.48421052132077563,0,1.0,2.666666666666666,1.205128205128205,0.8818678464272778
0.7040816326530612,0.7232614857368396,0.632763036761006,0.5673729201806771,0.5100967156381582,0.7126282543400011,0.6966292084888273,0.5122615753948726,0.6666666616723478,1,1.0833333333333333,3.0961538461538467,0.8542986425339366,0.9937405324839864
0.41333333333333333,0.45664739884393063,0.3134203077118558,0.22120509092080032,0.14852273273804428,0.5401727840340335,0.48101265324787695,0.20111731345463635,0.48101265324787695,2,0.8333333333333334,6.966666666666667,1.6741935483870967,0.9453655019049816
0.2644628099173554,0.2688843098860346,0.15478500145649776,0.09830520241058203,0.06010878889424075,0.20922262768808159,0.30263157412937153,0.07940446175618375,0.2894736793925295,2,1.1666666666666667,11.476190476190474,0.5641952983725136,0.9246424236635818
0.6,0.6883116883116883,0.6091713878584843,0.5538837742087807,0.4964848438098683,0.7756875607843964,0.6600985171879931,0.5146579754751776,0.6305418669416877,1,0.9285714285714286,3.8406593406593412,1.2757396449704141,0.9674222838022911
0.33766233766233766,0.21890074477028915,0.12368880349770342,0.0696677640027958,0.035925069959417306,0.17626183913422672,0.27561836998838796,0.09599999533454247,0.2685512321792007,7,0.46153846153846156,7.282051282051281,1.286868686868687,0.9117639908388699
0.4262295081967213,0.4199134199134199,0.27023771175486927,0.1715207774397286,0.10120354162466112,0.4406998977534645,0.41975308142187007,0.14521451645481398,0.41975308142187007,7,1.5,1.4285714285714288,0.8850574712643678,0.9113090109504631
0.45348837209302323,0.5277218889921946,0.3706995735186408,0.25870025669575963,0.17664454877527072,0.38684672876906195,0.4558139484910763,0.20270269771731203,0.4558139484910763,2,1.1428571428571428,2.6696428571428577,0.8203125,0.9276265601564776
0.3770491803278688,0.4008438818565401,0.3084080047432094,0.2499637882634943,0.20196943888702634,0.45392758833164576,0.38260869066578457,0.21830985415592158,0.3565217341440455,6,1.5,2.333333333333334,0.8494623655913978,0.946496062775403
0.35714285714285715,0.29949238578680204,0.1296466202455584,0.05728631260789888,0.030702872804202606,0.3349821737292533,0.273684205561773,0.0446428521683679,0.25263157398282554,4,1.4,1.0714285714285712,1.0824175824175823,0.896971259015916
0.4230769230769231,0.4144289764166658,0.2728049899471178,0.18257209371340025,0.12107343000623762,0.2822126214571496,0.4135021047246702,0.12837837340120545,0.4135021047246702,1,0.9375,0.44583333333333286,0.9708843537414966,0.9413838473945108
0.5,0.5755395683453237,0.47014950692015195,0.3873471969720193,0.3191943069876955,0.6212714392244594,0.5882352891287197,0.3880596964986016,0.5647058773640139,1,0.9,3.7444444444444454,1.3200379867046534,0.9560014042985998
0.6444444444444445,0.7239744439261359,0.5878238152365303,0.4922523285438467,0.4180075660335174,0.5516207666081938,0.6375545801575104,0.4290657389475701,0.6288209557033619,2,0.8947368421052632,1.3095975232198143,1.1125898323130157,0.9918568324924473
0.296551724137931,0.354978354978355,0.20788159191769368,0.13759865205092395,0.09315920692918941,0.30163946715187945,0.2930402880419703,0.07339449041663193,0.285714280715963,2,1.25,1.8999999999999986,0.924,0.9341928981313952
0.4380165289256198,0.4726027397260274,0.34432063695185017,0.26752502003104944,0.19973110143567369,0.49073821399513845,0.479999995002,0.23719676050159483,0.46666666166866666,8,1.4444444444444444,2.0470085470085486,0.8458319922755068,0.9384134464365284
0.36923076923076925,0.49572670208026876,0.27498974328814607,0.16837470518106062,0.09398913768750575,0.385745270083649,0.4052287531701483,0.1276595694680853,0.3529411714708019,1,0.9,1.0999999999999996,1.0924369747899159,0.968458899574436
0.6923076923076923,0.602803738317757,0.4545269061755763,0.36400563610323955,0.29464919435048037,0.6763741694891495,0.49789029036087523,0.290429037904345,0.48945147179547444,3,0.7272727272727273,10.386363636363637,1.6347222222222222,0.9736921342200532
0.27941176470588236,0.3364485981308411,0.21262709228560633,0.14431691922037207,0.08887648254453233,0.32008259673976974,0.29133857768832544,0.11221121615615048,0.29133857768832544,3,0.8,13.35,1.9962686567164178,0.8684077400428662
0.6923076923076923,0.7628883617429943,0.6592773723427949,0.5734871699326564,0.49724835895901914,0.7131875666478297,0.7307692257733914,0.5538461488568048,0.7211538411580067,2,1.125,1.3680555555555554,0.8734746307000643,0.9917609821739239
0.2803738317757009,0.2830905891167148,0.14200115820089906,0.08035364724097094,0.04906477354545875,0.20275181448980814,0.26213591739796405,0.07490636206146845,0.1747572766212651,6,0.25,56.875,3.6923076923076925,0.9439268330166833
0.4375,0.4299153285817884,0.34057353320312544,0.28052944196591423,0.22753281382947368,0.4505545286506469,0.4604316497903836,0.25165562425507654,0.4604316497903836,1,0.9166666666666666,1.7045454545454541,0.8157248157248158,0.9825024430720649
0.46938775510204084,0.5070189408078601,0.3535293466094451,0.26038077775940877,0.19139566498936134,0.44538526516765464,0.43076922577662724,0.2292263560614446,0.4076923026997042,2,1.1428571428571428,4.160714285714285,0.7592975206611571,0.9592469269430154
0.53,0.6200716845878136,0.5151954663839282,0.4388010990615462,0.3760816270104373,0.6037249478596156,0.5179856065107914,0.31952662221963524,0.5179856065107914,1,1.0909090909090908,0.34090909090908994,1.0148809523809523,0.971678659097912
0.7712418300653595,0.6361746361746362,0.5313214608901985,0.4481017143945789,0.373560424249694,0.6234285405581852,0.6411483203589663,0.46229507696742816,0.6363636313637508,11,1.6470588235294117,7.939075630252102,0.6839243894279022,0.953359254645338
0.330188679245283,0.2933294762643231,0.17923883464123483,0.10947103840295352,0.06097524872753771,0.21844337048490425,0.29807691818093573,0.08032128028967303,0.27884614895016646,3,0.75,0.6388888888888875,0.9556840077071291,0.9867686940489684
0.3130434782608696,0.442174311399604,0.28729949158227047,0.19704036760607088,0.13817761210594154,0.3480042817281805,0.35193132550535106,0.14685314190816193,0.34334763451822653,5,0.6153846153846154,7.798076923076923,1.5539617486338797,0.9274886415870653
0.3728813559322034,0.4650585973560233,0.29343252470112197,0.18684624350388665,0.10677676867942515,0.33319740428741873,0.39436619230311454,0.1395348789087196,0.3755868495801098,2,0.8461538461538461,0.314685314685315,0.9786931818181818,0.8926947760884127
0.26136363636363635,0.13068995330472366,0.07320448270648403,0.042967466111372934,0.02423578208010955,0.12271410282325988,0.28048780034280196,0.07692307239644997,0.24390243448914342,15,0.0625,81.1875,8.508670520231213,0.9056520786515405
0.44086021505376344,0.449438202247191,0.28505151156954023,0.19379400809646824,0.13737491514066785,0.36003990290498167,0.37914691443229037,0.16793892629800142,0.35071089547494444,0,1.0,0.9000000000000021,1.0532544378698225,0.9640904981624493
0.7647058823529411,0.7142857142857143,0.6538265652978452,0.5994696095370862,0.5473266949430529,0.763855444967656,0.7455621251916951,0.6530612194944815,0.7337278056650679,1,0.9,3.2777777777777786,1.2850241545893721,0.9829583842859371
0.5068493150684932,0.4147465437788018,0.30673444786227766,0.2253610178902651,0.16356306074707652,0.5367950961161899,0.46073297929662016,0.23770491303413072,0.4502617751081385,2,0.8823529411764706,5.1725490196078425,1.5565400843881856,0.876292133691631
0.5512820512820513,0.5623645855908317,0.447520429831946,0.3678076451877663,0.2978454977514303,0.5331445455376737,0.49999999500637765,0.3299999950125001,0.49999999500637765,1,1.0909090909090908,2.128787878787879,0.8303140096618358,0.9819711591164203
0.4235294117647059,0.4410112359550562,0.3052398857912065,0.21491760644966548,0.1482586020577366,0.4536498781027938,0.4585365803669245,0.2266666616675557,0.4487804828059489,2,1.1818181818181819,2.5664335664335667,1.1034094111017188,0.7272991457990148
0.4772727272727273,0.4253731343283582,0.30917546537265067,0.24660630289896013,0.19562599904997308,0.45502584938704027,0.40140844571042456,0.22159090409349186,0.39436619218929786,3,1.2,0.04444444444444429,0.9970238095238095,0.9126747448174397
0.7456140350877193,0.771689497716895,0.6989282446827301,0.6327765569408181,0.5680404940123845,0.8171225347565442,0.7913669014758553,0.6285714235755103,0.7913669014758553,0,1.0,1.1333333333333329,1.0841584158415842,0.9886052967587298
0.48091603053435117,0.4681338100582349,0.3753081763797398,0.30019558501154053,0.23925650759762376,0.4511278195488722,0.5591397801698335,0.36723163366082545,0.5448028626071094,0,1.0,9.18181818181818,0.6803797468354431,0.9743232883052457
0.7313432835820896,0.6217948717948718,0.5066962683442731,0.4315627393383526,0.35496513876909863,0.8256530017254715,0.6622516506346214,0.4942528685691637,0.6490066175220386,1,1.0909090909090908,2.9090909090909083,1.2882882882882882,0.8427749888387925
0.7283950617283951,0.6292935639607873,0.5142302442015487,0.4273223700250006,0.36066012947450776,0.5643881781572203,0.6037735799061055,0.37795275091667185,0.5849056553778036,3,1.2307692307692308,2.9423076923076916,0.7681818181818182,0.9905869194370267
0.45180722891566266,0.431266846361186,0.2644525747176361,0.16869435757720147,0.09971963054645255,0.3564529268008844,0.3466666616795023,0.10147991045774153,0.3413333283461689,12,1.75,7.125,0.6503067484662577,0.8902179502600709
0.4945054945054945,0.5444612230492539,0.4347963429389207,0.35013783934839743,0.2744507139161846,0.5385763443882222,0.5204081582908163,0.3004291795826043,0.5102040766581635,3,1.2727272727272727,4.551948051948051,0.6946864111498259,0.9632750193664223
0.2962962962962963,0.1744494426198097,0.08163164105151266,0.04361279132883998,0.023367270490172534,0.1393555454130534,0.22406638534116158,0.04040403575780303,0.18257260940755166,11,0.08333333333333333,120.0,7.315789473684211,0.9495192326337465
0.5606060606060606,0.6076923076923076,0.45527452778185235,0.3559845624785665,0.2805707034062218,0.5849186145666133,0.5641025591033859,0.3463687100852034,0.5512820462828733,1,0.9230769230769231,1.2948717948717956,1.135752688172043,0.9714100171397644
0.3137254901960784,0.1768953068592058,0.10438259156816959,0.07003811295699296,0.04316145074985674,0.29663366812058634,0.2751322701828057,0.10572686726852865,0.26455025960079515,1,1.0625,7.3566176470588225,1.823118058412176,0.9195441572854164
0.4460431654676259,0.49375,0.31961722796775693,0.2184762981534341,0.14481579311264361,0.45025616711001853,0.3812316665697749,0.15486725167250778,0.37536656393047885,0,1.0,0.76923076923077,1.032258064516129,0.9274169429353516
0.5194805194805194,0.49264705882352944,0.38680581224102917,0.30287993299871324,0.23045822104558844,0.5570986035893766,0.5696202481653582,0.3692307642340566,0.5696202481653582,3,1.3,1.338461538461539,0.8865710560625815,0.9109774379223735
0.4563758389261745,0.4002735693953063,0.29993040898795126,0.24182240859003507,0.19450010355758568,0.3459744608365566,0.48520709583137855,0.2729411717875156,0.4674556165414377,4,0.7894736842105263,3.5508771929824583,0.7871713985278653,0.992820092169457
0.4066666666666667,0.4180327868852459,0.2728446351401651,0.20131183460303295,0.1536013184014886,0.3210321827477881,0.35975609262120767,0.09828009332600886,0.35365853164559785,3,1.1666666666666667,0.571428571428573,0.9682539682539681,0.936020431649551
0.22695035460992907,0.28432924793178804,0.1554653221736032,0.09276779128262515,0.04922624416497935,0.19776616709980047,0.28352489939079,0.08562690655070214,0.22988505264749498,14,0.06666666666666667,162.6,10.914634146341465,0.9188817108291939
0.38461538461538464,0.3793103448275862,0.24613876408997315,0.18413662114194812,0.1352036505875964,0.3125927241460716,0.37179486680226825,0.166666661693251,0.3589743539817555,1,0.9,3.511111111111111,1.2786596119929454,0.8509619928150555
0.4732142857142857,0.44363636363636366,0.27877826166538383,0.17861827569369265,0.11875036831959625,0.41814744503138607,0.4159999950051201,0.19169328573487546,0.40799999500512,2,0.8947368421052632,5.334365325077398,1.4920045688178183,0.8464503622191899
0.43243243243243246,0.5879396984924623,0.4655809772895448,0.3865459734475558,0.3208189510086151,0.6043810214421202,0.550387591901929,0.3555555505616529,0.542635653917433,3,0.7272727272727273,8.693181818181817,1.5372191011235954,0.9866964282673762
0.3939393939393939,0.5327102803738317,0.4154131906840945,0.3333078449963092,0.25523118306686793,0.5415487481134029,0.46551723637931036,0.31893687208308963,0.46551723637931036,2,1.1538461538461537,0.04102564102564088,0.9971326164874552,0.9267918293324892
0.44666666666666666,0.5553983467146744,0.4256764776250735,0.3415478669435743,0.27902617750842507,0.504005528234258,0.509202449006549,0.31067960666474226,0.4907975410310889,1,1.0666666666666667,2.2250000000000014,0.8735795454545454,0.9847027569256571
0.4827586206896552,0.3891891891891892,0.21075656899573286,0.11584481281057202,0.06324923134987405,0.33867393888539266,0.33663365836682685,0.0956175248805577,0.316831678168807,1,1.0909090909090908,1.2348484848484844,1.0870726495726495,0.8829579117681511
0.4431818181818182,0.5139664804469274,0.35643778425282113,0.25437684237853997,0.1811429206574372,0.46711115711299434,0.4999999950222223,0.26086956023591695,0.4777777728,2,0.8571428571428571,2.9880952380952372,1.2504990019960078,0.9086856891232996
0.42342342342342343,0.3821138211382114,0.21267298661740727,0.14340411399576095,0.08225171321778146,0.4000630982612812,0.37168141093272783,0.139194134202257,0.37168141093272783,7,1.4666666666666666,0.18181818181818166,1.0165289256198347,0.8573765919887066
0.37209302325581395,0.36792452830188677,0.24566959596967983,0.16433674437826504,0.10746869293571912,0.4328675952045134,0.3852458966608439,0.13836477490269392,0.3852458966608439,10,1.6666666666666667,0.6799999999999997,0.9492537313432836,0.8217920000042515
0.25842696629213485,0.3545273411032455,0.20128155658005628,0.0978774846578275,0.05017571194610421,0.24982205414180153,0.285714280739796,0.07441859968242327,0.285714280739796,10,2.111111111111111,8.403508771929824,0.4636058230683091,0.8989349147006411
0.4380165289256198,0.5924170616113744,0.40797179311384874,0.29789767181728694,0.21965371769315092,0.5222885043118586,0.5151515101518022,0.22686566664932067,0.5151515101518022,7,1.5833333333333333,6.311403508771932,0.6376227650465877,0.9781462665324802
0.36046511627906974,0.43436655877121444,0.23915810804188015,0.15185287749757076,0.09901446085312803,0.3282480247806449,0.347540978615641,0.11052631082063735,0.347540978615641,4,1.1904761904761905,2.019047619047619,0.8262295081967214,0.9648557447653752
0.5740740740740741,0.5090593419241236,0.4020196821150249,0.3116137978881201,0.24530683466462516,0.5075953592686281,0.5645161240790844,0.34328357714413016,0.5322580595629554,1,1.1,3.3090909090909086,0.7097288676236045,0.9698488746572898
0.5,0.5229885057471264,0.3647114169403914,0.2607123918141673,0.17760255539180017,0.5977915118591067,0.5154639125278989,0.24999999500159445,0.5051546341773834,2,1.1538461538461537,1.2153846153846146,1.117037037037037,0.8626245058321816
0.25,0.2184597609871792,0.10445982825684598,0.053936355169329216,0.03487064752941937,0.16272096644347064,0.327868847636724,0.08358208480285169,0.286885241079347,18,0.1,70.2,6.2781954887218046,0.9181261780400884
0.3372093023255814,0.270042194092827,0.1943196781326848,0.1504210377133604,0.1133027032653964,0.41521221187943264,0.3128491572734934,0.10891088639545163,0.3128491572734934,8,1.7272727272727273,3.473684210526315,1.3859649122807016,0.8802869408010495
0.4396551724137931,0.3779527559055118,0.253450250857698,0.17516483280289344,0.10919677346249104,0.4615570889745117,0.3771929774576793,0.13235293618079602,0.34210525815943377,7,1.5384615384615385,0.37692307692307736,0.9711764705882353,0.9181014036360788
0.11764705882352941,0.1425001919115774,0.03973211180747938,0.009987722227027512,0.004729181519070061,0.10576174000258627,0.13836477523990365,0.019900492943245026,0.13836477523990365,5,0.5,3.3000000000000007,1.2101910828025477,0.8944124694249457
0.37745098039215685,0.4028985507246377,0.2943977531749962,0.233162827309838,0.18209076558299667,0.42363440548992515,0.3768115892029406,0.20338982550920756,0.3768115892029406,0,1.0,4.625,1.2730627306273063,0.8705233800703926
0.5555555555555556,0.6713286713286714,0.5005660147007359,0.4072947007918281,0.3324203949312934,0.6430672669257832,0.6222222172246915,0.3380281640141948,0.5888888838913582,1,0.9375,1.2833333333333332,1.1555555555555554,0.9885450674774516
0.36507936507936506,0.37296797951624966,0.2483392526973581,0.17349125429836862,0.11952171208328415,0.28951500202047414,0.42857142368512224,0.14012738367215727,0.3888888840025826,10,0.375,14.791666666666668,1.9943977591036415,0.9615547756891506
0.575,0.6340142980257691,0.5014029080433466,0.39863908809949933,0.30526732693586506,0.5375847364645813,0.6482758570927468,0.4204545404777893,0.6482758570927468,2,1.1176470588235294,2.625386996904025,0.811681101487897,0.9888642617499509
0.7349397590361446,0.7171717171717171,0.5660043905370019,0.47227933799607363,0.39900898563316783,0.6788417075723854,0.7037036987054185,0.49484535582527367,0.6481481431498629,4,1.2105263157894737,1.1807780320366135,0.879382889200561,0.9848250460498412
0.4057971014492754,0.39520958083832336,0.26275965751297065,0.1742885445103682,0.11642078400650074,0.4568695885101119,0.44604316052585274,0.14193547894609798,0.4316546713172197,0,1.0,6.272727272727273,1.7040816326530615,0.84173976836632
0.6486486486486487,0.594174710973788,0.48851561762239654,0.41154817646538877,0.341391278424189,0.5496792702748038,0.6392694014228227,0.377777772848011,0.6392694014228227,2,0.8333333333333334,0.9166666666666679,0.9473684210526315,0.9797642362010983
0.2976190476190476,0.23295454545454544,0.14130651955070037,0.09519368809235644,0.06109238579646075,0.34467795785703226,0.23376622903946714,0.09195401830823119,0.23376622903946714,8,1.8888888888888888,1.1307189542483673,1.122608079376329,0.8700255441994937
0.5416666666666666,0.4959349593495935,0.3606678538669729,0.26694382514253134,0.1868300761456737,0.5791499467894757,0.4415584365618148,0.23255813454570048,0.4415584365618148,2,0.8181818181818182,4.575757575757574,1.5033333333333332,0.9345139439000439
0.7058823529411765,0.755,0.6690952415097983,0.6019651072099819,0.5347580533676842,0.8037828982454478,0.7920792029252035,0.6308243677604348,0.7821782128261935,1,0.9,4.022222222222222,1.221001221001221,0.9684375310084391
0.48201438848920863,0.3773006134969325,0.2682859441073435,0.20322381462180447,0.14917470955701065,0.5273165068484869,0.4105960214920399,0.22797926961139908,0.38410595526687435,5,0.7368421052631579,10.390977443609021,1.8058309037900873,0.7846355138951573
0.5346534653465347,0.6226415094339622,0.49787171110892137,0.41039669291045655,0.3430071380236556,0.6588128878982228,0.5759999950051201,0.37820512321519567,0.5759999950051201,3,0.7692307692307693,7.276923076923076,1.5226519337016573,0.9855591243267812
0.5779816513761468,0.41843971631205673,0.3429863489219447,0.28842987942728937,0.23991286063777154,0.47937556948947313,0.471999995008,0.2683706020373792,0.45599999500800004,16,3.0,12.875,0.47715736040609136,0.9030420666712013
0.30612244897959184,0.4458849332887983,0.2658718028478136,0.16794262622461079,0.12123804340980596,0.33115160117883513,0.38255033058871224,0.09947643483498284,0.38255033058871224,2,0.8571428571428571,0.9166666666666679,1.050925925925926,0.978528682000436
0.375,0.4444444444444444,0.30634430773672205,0.2224028895010216,0.16367102670373304,0.399810531902296,0.3870967692013207,0.15976330861384422,0.3870967692013207,5,1.4166666666666667,3.0931372549019613,0.827359781121751,0.9540933442204665
0.4233128834355828,0.5418060200668896,0.3861185861477551,0.28627680925233173,0.20687320955609811,0.4627309724470961,0.51014492253661,0.2579185470363015,0.5043478210873347,18,2.0,6.75,0.551660516605166,0.95475774405459
0.5131578947368421,0.6328428091075636,0.48636492110550067,0.3951676938752549,0.31388804762948824,0.5005901058179808,0.5591397799468147,0.3636363586364573,0.5053763390865997,2,1.2,3.5333333333333314,0.8293075684380034,0.9363968015794145
0.4383561643835616,0.425531914893617,0.29172998299578917,0.20792890750315346,0.13894306764965353,0.38136043915421314,0.40251571827063803,0.1904761854763306,0.3899371019184368,1,0.9,4.066666666666666,1.3505747126436782,0.9382532583203288
0.5053763440860215,0.6111111111111112,0.48585131691282135,0.3996134012842719,0.32785081949780004,0.5578917333570819,0.5306122399420242,0.3280757048102778,0.5224489746359018,0,1.0,0.23076923076922995,1.0129870129870129,0.9389431936423472
0.5655172413793104,0.4813139344956786,0.338356071968662,0.24247380700833407,0.16916925211082867,0.4284490190961993,0.42499999501953134,0.17232375481597134,0.41874999501953125,11,1.7857142857142858,8.765714285714285,0.5454814814814815,0.9837977526810995
0.5063291139240507,0.5190839694656488,0.40461228115597664,0.3284741654151118,0.2597303984470527,0.5379958167661612,0.44444443944444445,0.31016042280877354,0.44444443944444445,0,1.0,2.0,1.1592920353982301,0.9510570271463265
0.6607142857142857,0.5699802014175687,0.4286686113968278,0.3436140368576691,0.27019150069612746,0.47282449284983463,0.5220883484156709,0.3039513627812013,0.5140562199016145,5,0.6875,4.90340909090909,1.285289256198347,0.945801898656517
0.7727272727272727,0.8206896551724138,0.7549326934551911,0.6885866491242183,0.6293345121215198,0.7778899534383953,0.7878787828789716,0.6576576526580635,0.7878787828789716,1,1.1,0.7181818181818187,0.9483322432962721,0.9886515741033216
0.28703703703703703,0.33031674208144796,0.21223381469976837,0.15466755103052704,0.11253674987184431,0.3947252903245591,0.29951690337230746,0.10126581801634377,0.2898550676235152,9,1.75,0.0595238095238102,0.9943757030371203,0.9657274100214281
0.5277777777777778,0.6597510373443983,0.5216773935149618,0.4191759964859552,0.3393560535115083,0.6071371818088519,0.5905511761073223,0.3861671419810812,0.5826771603592907,6,0.7272727272727273,4.744318181818182,1.4598017621145374,0.9631141431014941
0.35135135135135137,0.43243243243243246,0.28651155042955334,0.20170717190885454,0.14144241154723217,0.3742851850538156,0.42798353421057095,0.209302320655929,0.41975308153567376,7,1.4375,1.2554347826086953,0.911119661408234,0.8981214173699794
0.5072463768115942,0.5034965034965035,0.3622053987878436,0.2545165827827005,0.16769781842732248,0.5199047458722524,0.46706586326508664,0.23589743090072332,0.4431137674567034,4,0.6,11.633333333333333,1.953551912568306,0.9258001998676594
0.5154639175257731,0.5164835164835165,0.4156851183853697,0.3387551080746445,0.2679553352223814,0.5480654956828328,0.5236051452154212,0.2999999950000001,0.5236051452154212,16,2.4545454545454546,9.97979797979798,0.5032679738562091,0.9259721763984636
0.3333333333333333,0.4,0.20680255220253999,0.12635499202597847,0.07756996329441615,0.3926577997091551,0.3253011998192772,0.11111110612182808,0.3132530070481928,2,1.2,1.2333333333333343,1.1019283746556474,0.9209915267893334
0.3611111111111111,0.3904761904761905,0.21226150158459037,0.0979126100470154,0.0541170065561856,0.26515322761138843,0.32520324704078263,0.10071941946690155,0.30894308443915663,3,1.2727272727272727,1.2272727272727266,0.8593750000000001,0.9515522569662366
0.7833333333333333,0.7083333333333334,0.5872778626494576,0.4889117661569726,0.4062152558484866,0.6942039842609552,0.7052023071388954,0.5240174622497665,0.6820809198556586,0,1.0,0.9499999999999993,1.1098265895953756,0.9666765159289439
0.47093023255813954,0.48842923524630427,0.3427282826695103,0.25120225448075073,0.182368226101989,0.39088766553727866,0.45938374853000025,0.22916666172092026,0.4481792667372832,30,2.875,14.029891304347826,0.3258911084998041,0.9743271620142472
0.2831858407079646,0.3154540361016682,0.1691500322400205,0.09409847000810362,0.0517956011116718,0.224035663982353,0.32388663478831,0.07407406922150832,0.32388663478831,7,0.5333333333333333,5.741666666666667,1.40625,0.9629031727293923
0.5964912280701754,0.6524736861624987,0.5034300528472893,0.4093123620556957,0.3261887570410433,0.5914259178591096,0.5915492907835748,0.34444443945987663,0.5915492907835748,1,0.9,0.6333333333333346,1.0498687664041997,0.995844413743545
0.37168141592920356,0.5885167464114832,0.40857684545941286,0.30811505296459984,0.2287978789483998,0.45594356559346466,0.4887217995115609,0.23188405298617945,0.4661654085341173,1,1.0909090909090908,1.4924242424242422,0.921073717948718,0.9767155734931284
0.5714285714285714,0.5703125,0.41849173784636334,0.2905622637590808,0.1907260633797576,0.6007994160889302,0.5303030253041783,0.20512820012902708,0.4393939343950873,2,1.2857142857142858,1.920634920634921,0.8810226155358899,0.9737705372583131
0.5289256198347108,0.4745222929936306,0.3114914485648828,0.21614877953715153,0.13588856522491508,0.48112297092428485,0.4145454495471075,0.18338108384003426,0.3999999950016529,5,1.25,0.1399999999999988,0.988976377952756,0.8392716495435941
0.42168674698795183,0.31155778894472363,0.17290737273234116,0.10909447556848878,0.07807940423705897,0.36607696288813407,0.33507852904251534,0.11555555055644466,0.33507852904251534,4,1.3636363636363635,1.9030303030303042,1.1674666666666669,0.847574415820705
0.3118279569892473,0.2771273341632119,0.15136405689681776,0.07779566323148557,0.04891576155249131,0.2552021035803327,0.36477986930105616,0.09677418871545866,0.33962263659665365,10,0.2857142857142857,15.428571428571429,2.4594594594594597,0.9365982530676418
0.4880952380952381,0.5368421052631579,0.3535238527352838,0.21857192714982046,0.12778350981551365,0.4435619944045632,0.42328041828392265,0.16239315739462357,0.42328041828392265,1,0.9411764705882353,0.8161764705882355,1.0738031914893618,0.926474070298964
0.5434782608695652,0.6545454545454545,0.548630435730605,0.45424152042061017,0.37048752619948133,0.5637854001818804,0.6115107863733762,0.39999999501280303,0.6043165417690597,5,1.3846153846153846,5.799145299145298,0.7248580697485807,0.955898808177498
0.5357142857142857,0.6399575603090276,0.5181582543384732,0.4329598116991944,0.3612455906639035,0.5848782241879257,0.5410627969352845,0.3282442698117826,0.5217391254376998,0,1.0,0.16666666666666785,0.9885714285714285,0.982942865038326
0.4714285714285714,0.6012244051527114,0.4994698419373946,0.43192692117835496,0.37116097534714637,0.4945689878549278,0.5098039165944723,0.3465346485143614,0.5098039165944723,1,0.9166666666666666,0.8484848484848477,1.0687960687960687,0.978708177201726
0.3493975903614458,0.3902189982178912,0.23013005802147093,0.13880880306208226,0.08514790425844697,0.32605630872427366,0.276595739825713,0.10476189989297076,0.276595739825713,1,1.1,3.8636363636363633,0.7335423197492164,0.9703980343952525
0.4603174603174603,0.5913978494623656,0.4166082240453446,0.3025233953093667,0.21347619971215498,0.5135063864063519,0.4769230719242604,0.18181817682038257,0.4461538411550296,2,0.8,2.3249999999999993,1.25,0.987979592793609
0.46060606060606063,0.4028436018957346,0.2550830749541258,0.1735549927693814,0.11344738690075014,0.3853303471444569,0.36263735769774186,0.15779092208053733,0.3406593357197199,5,1.263157894736842,0.8377192982456165,0.9545238095238094,0.8188369338526608
0.13953488372093023,0.24227282210853646,0.08436174838342132,0.019928456902055074,0.00916068886815721,0.16397281568877548,0.1917808169187466,0.024096380542895507,0.17808218678176033,4,0.6,5.866666666666667,1.56957928802589,0.9670078709970423
0.5494505494505495,0.6510067114093959,0.48736995781901593,0.38753819535923684,0.31369951206909713,0.5598251356240787,0.5856353541161748,0.2786069601752433,0.5524861828454566,4,1.4444444444444444,4.8717948717948705,0.7017268445839875,0.9888388586886437
0.39855072463768115,0.44802867383512546,0.3186403582151823,0.22574087606734125,0.15085834181737964,0.32797040288760015,0.35587188113929663,0.13994168598084147,0.3487544434168768,13,1.6842105263157894,4.070723684210526,0.681712962962963,0.9137418947744975
0.5833333333333334,0.692114017022987,0.5694715763706895,0.46791633914337866,0.38420820604116795,0.6826735279330436,0.6580645111342353,0.4093567201600493,0.6451612853277836,1,1.0666666666666667,1.1166666666666663,0.8580508474576272,0.9976336839326129
0.5517241379310345,0.33291614518147683,0.17210566167854732,0.09854016100864399,0.05925236822518637,0.24672433368962016,0.37209301838831804,0.171945696521263,0.37209301838831804,44,3.4444444444444446,22.724014336917566,0.3618841527854662,0.9399723452170095
0.64,0.6318681318681318,0.5284682888475015,0.46423186786977566,0.40444757841731405,0.6451594372921314,0.625698319023751,0.37333332833343214,0.614525134666209,1,0.9090909090909091,3.0181818181818176,1.1988023952095808,0.9582129941348433
0.6470588235294118,0.7330006231146774,0.632504917380775,0.5469023625306914,0.46825359474181405,0.7246597210894931,0.6974063350726275,0.4942791712334463,0.6974063350726275,0,1.0,1.882352941176471,0.8869257950530035,0.9942461978262683
0.2803738317757009,0.24892703862660942,0.12256206275788525,0.052199091682641426,0.01542057527865079,0.27849818124792014,0.25242717949618254,0.0472440895405796,0.2233009659039496,2,1.1333333333333333,3.9725490196078432,1.4081385979049155,0.8179725101492739
0.7325581395348837,0.6956521739130435,0.5897678246195885,0.4849384465465731,0.3907041406975354,0.7873447267494732,0.7030302980393022,0.5429864203566676,0.678787873796878,2,0.9166666666666666,1.5265151515151514,1.263570961412688,0.9761197654994078
0.3409090909090909,0.3355126350348805,0.15990579718230757,0.09180806541679758,0.054388235339084025,0.23410700671849002,0.3098591500190935,0.05994549920780505,0.2816901359345864,3,1.2,3.5000000000000018,0.7899999999999999,0.8158198644827741
0.4537037037037037,0.5301452490462204,0.400370740531017,0.3189561969712646,0.25249372572281803,0.45155666468619654,0.48627450480461365,0.2653721632860988,0.48627450480461365,1,1.1,2.5090909090909115,0.8719851576994433,0.9970233327414454
0.5,0.6530612244897959,0.5392090833438599,0.4521353261033609,0.370279286604873,0.6681674725044633,0.611464963177411,0.4120602965359461,0.611464963177411,1,0.9090909090909091,3.2454545454545443,1.2833333333333332,0.9913059081859134
0.41237113402061853,0.48772123764316905,0.35868552285375777,0.2706252828801516,0.20529235398462042,0.4184893879216137,0.429223739315694,0.21455938198558458,0.429223739315694,6,1.4615384615384615,4.1417004048583,0.6716944801026957,0.960014261652607
0.3584905660377358,0.5024630541871922,0.37983097558538365,0.28785544178737327,0.21322803125929493,0.43555485763740626,0.4909090859157025,0.28044279945806844,0.4727272677338843,12,2.0,7.624999999999998,0.5259067357512954,0.8983735868964894
0.5555555555555556,0.6061741819906166,0.4818270679474546,0.3943363421133936,0.3223977001366411,0.5869506018594219,0.5299145249587259,0.36809815455737893,0.5213675164117175,0,1.0,2.75,0.8552631578947368,0.9776099553783716
0.48,0.4391891891891892,0.2787108188371298,0.18866654428748086,0.11520120145686254,0.38923869094452085,0.29545454045712816,0.1089108860895993,0.28409090409349186,4,1.3636363636363635,2.042424242424241,0.828498727735369,0.898632373957024
0.5939849624060151,0.6647640197231938,0.5528940290676371,0.46686025119897806,0.39770911626860916,0.6360955150178123,0.5844155795271125,0.41769041276892704,0.5844155795271125,4,1.1818181818181819,3.0209790209790217,0.7700292786797976,0.9742693672334537
0.3805309734513274,0.5555555555555556,0.3859738222132325,0.2549636507106828,0.1583592799584203,0.44755283510703714,0.49789029035873883,0.1881533051075042,0.489451471793338,6,1.5,4.416666666666666,0.6936416184971098,0.9689381452147316
0.4339622641509434,0.33684210526315794,0.22734284126455612,0.1557897437736143,0.09350645957181511,0.3657406183414802,0.3269230719249261,0.16030533851407278,0.3076923026941569,6,1.5,2.2777777777777786,0.8225108225108224,0.8726451939657349
0.42696629213483145,0.4659090909090909,0.30958707312185346,0.21408367543628581,0.14856463114010368,0.45658042581626485,0.44808742669533286,0.21428570928730878,0.4371584649466989,1,1.0714285714285714,1.8761904761904749,1.1903381642512076,0.946262969693974
0.7454545454545455,0.7166666666666667,0.5858987207055242,0.49574745473935855,0.40731575863500985,0.7960161227086273,0.7132867082889139,0.4402515673272418,0.6993006943029,1,1.0909090909090908,0.6363636363636367,1.0679611650485437,0.9470953964734233
0.21052631578947367,0.19660122615211678,0.0697887456378614,0.0322290422358349,0.011762498718461334,0.12605042016806722,0.2159090860356406,0.026431713180540016,0.18181817694473154,7,0.3,25.866666666666664,2.6371308016877633,0.9121194345528919
0.532608695652174,0.6587874233181897,0.5520813320028397,0.47721029661214953,0.4087580681022745,0.5671784218589188,0.6028368744529955,0.43187660169335385,0.5744680801267543,1,0.9230769230769231,0.26282051282051455,1.0130407124681935,0.9830826213841398
0.56,0.572972972972973,0.42498358301049366,0.3197541977886622,0.22587375239608964,0.606647068611681,0.5245901589465198,0.28205127706041355,0.5136611971978858,3,0.8235294117647058,4.684873949579831,1.5492610837438423,0.9394379688121909
0.4732824427480916,0.5510204081632653,0.40831237464767567,0.3341587000879164,0.273683835546993,0.5218831218677691,0.5333333283395618,0.3434343384470973,0.5333333283395618,1,0.9285714285714286,1.8626373626373631,1.140956340956341,0.9616427204448117
0.3333333333333333,0.5354916362366602,0.3773832372802011,0.2719053468928144,0.1978272138946764,0.39773846047970846,0.43842364032456504,0.21917807721523747,0.4236453152014124,10,1.6666666666666667,11.213333333333333,0.5867321867321867,0.9336937520950013
0.7425742574257426,0.6739130434782609,0.5460011872623913,0.46140740357330473,0.38755759321297467,0.6187266667280057,0.6381322907199202,0.45454544955060205,0.6225680883852899,8,1.5714285714285714,5.149350649350648,0.7397440105021333,0.9207988549304621
0.38095238095238093,0.36370205648426107,0.26291836033477767,0.18873200899019912,0.13469953361640538,0.3231954562278081,0.3927272678992397,0.1896551677051131,0.3854545406265124,6,1.4,8.819047619047618,0.487264673311185,0.9632013839567931
0.6829268292682927,0.6715686274509803,0.5426154860762271,0.43998471765535363,0.3468126742839039,0.7375867416031142,0.6331658241468651,0.4827586156903158,0.6231155728905836,3,0.8333333333333334,3.877777777777778,1.398857142857143,0.9499021295798895
0.1902439024390244,0.05573779948372991,0.033502385171607627,0.020344578955421685,0.0051426568593575086,0.09564651524564016,0.15224913058320674,0.01805868690082579,0.15224913058320674,12,0.25,14.125,1.4264150943396225,0.6767802132509292
0.7222222222222222,0.6641221374045801,0.5717975488545759,0.4920343138914644,0.4255360008329896,0.7517545494750422,0.6620689605193818,0.475138116547114,0.6620689605193818,2,1.2,0.7833333333333332,0.9330484330484331,0.973753191801994
0.4069767441860465,0.391304347826087,0.25696810832407235,0.19503267757006182,0.14889717654601944,0.3833721368952856,0.40659340160850144,0.1784037508695366,0.3736263686414685,3,1.3,0.11538461538461497,0.9907692307692308,0.9173588014643497
0.7590361445783133,0.7651821862348178,0.6876012632229097,0.625457343486227,0.5662590986759045,0.8190956972397787,0.7586206846570075,0.5645645595646096,0.7432950141589231,0,1.0,1.25,1.0881057268722467,0.9817041775644427
0.25274725274725274,0.24483508009000327,0.13760895418221517,0.08928592800940291,0.06145217202112734,0.18035430112831072,0.30175438111271163,0.073446322847043,0.2666666618144661,12,0.3684210526315789,13.789473684210526,1.9703703703703703,0.9166308630204907
0.6307692307692307,0.5929203539823009,0.46588754116350656,0.37415378726977155,0.30612117353872925,0.6444746725377964,0.5342465703462188,0.3333333283333334,0.5342465703462188,1,1.1111111111111112,0.6999999999999993,0.9416666666666668,0.9478045258243868
0.366120218579235,0.328125,0.2248258682142176,0.15948835322674812,0.10897015367316158,0.3532587207664131,0.404624272460824,0.15714285215419518,0.3930635788192055,18,2.2857142857142856,5.785714285714285,0.674698795180723,0.9150424396251085
0.24444444444444444,0.22445571499933198,0.11773569624810226,0.022028999479597744,0.009048563061268658,0.16302932307826773,0.16455695723041194,0.020942403544860082,0.15189872938231067,8,0.2727272727272727,25.0,2.923076923076923,0.936245677441914
0.2033898305084746,0.21592035855721922,0.11866877509526037,0.055080495622412635,0.01707137778238454,0.16503006575879867,0.2775119567638104,0.08429118280119229,0.2775119567638104,7,0.4166666666666667,14.316666666666665,1.9491712707182318,0.9421144758341986
0.45348837209302323,0.46493871463515407,0.33172413291770564,0.2585244790926821,0.19529966255596165,0.3978721175612682,0.4454976253327644,0.19999999500800014,0.42654027936120037,4,0.7647058823529411,1.0226244343891402,1.0944816053511706,0.9776088744783051
0.3356164383561644,0.4068441064638783,0.2523221039490871,0.1603831441285052,0.09741862445811157,0.35311597193561706,0.3962264100943397,0.13192611637206664,0.3773584855660378,1,0.95,1.8421052631578956,1.1535087719298247,0.9555377838133833
0.6190476190476191,0.5238095238095238,0.39735970711951313,0.31821386457037504,0.25004765990112593,0.6064591272108503,0.5502183356122119,0.3285714235737245,0.5502183356122119,11,1.9166666666666667,5.286231884057971,0.6333249560191003,0.9532881025394885
0.5894736842105263,0.6878306878306878,0.5609331091527985,0.4692059297328914,0.38143528397978343,0.6990709108431152,0.6428571378671079,0.4505928803793217,0.6428571378671079,5,1.3846153846153846,2.73076923076923,0.7936046511627908,0.9819775256444683
0.3312883435582822,0.28398058252427183,0.18020728385624077,0.11910526804905705,0.08256808073372754,0.3912633451957296,0.3118644018670498,0.09183672982715561,0.3118644018670498,11,1.5789473684210527,2.996491228070175,1.2790849673202613,0.8382025543763368
0.4375,0.5047387197633522,0.3192540326019529,0.2025311593060802,0.12353859722741545,0.40756958614658584,0.40277777283950617,0.1910827975934116,0.38888888395061727,4,1.4444444444444444,3.666666666666666,0.6857142857142857,0.8989754253137061
0.6862745098039216,0.5671641791044776,0.4025505040557831,0.2893215202011278,0.2193426666028222,0.7298874470900306,0.6153846103849807,0.42424241924357214,0.5811965761969466,1,0.9,5.988888888888889,1.6729088639200997,0.8628309552595067
0.5164835164835165,0.571120441596829,0.4253036709611203,0.3184424157105559,0.23509026530617153,0.4325941020327716,0.4721029992919376,0.2768166039980365,0.4721029992919376,2,0.8,3.3000000000000007,1.1764705882352942,0.9962898708876743
0.5757575757575758,0.640625,0.4657301016243798,0.363242290888973,0.28991878509327024,0.5656577275762658,0.5853658486704343,0.3280423230592649,0.5853658486704343,1,0.9230769230769231,1.051282051282051,1.1093333333333333,0.9816949397938279
0.2018348623853211,0.2615631506250784,0.15537060934668273,0.10610261042544802,0.06893219133786883,0.22338474326339752,0.23913042981155494,0.09909909415753616,0.23913042981155494,1,1.1111111111111112,4.2666666666666675,0.744,0.9706248769167193
0.4794520547945205,0.644927536231884,0.5134393974074382,0.4076083464263009,0.3182005886674313,0.6224038897080791,0.5764705832380623,0.37810944773644223,0.5647058773557095,3,1.2727272727272727,1.6883116883116873,0.8537682789651294,0.9911028334569286
0.33,0.3493975903614458,0.20058330419157255,0.1419958565406027,0.09983331938737068,0.3219115654406755,0.3124999950005426,0.11965811465811987,0.3124999950005426,11,2.0,4.8181818181818175,0.6102941176470589,0.934735260043325
0.43478260869565216,0.498220640569395,0.34784542728220363,0.2602057505794706,0.19127258242911865,0.44361885756777825,0.4220779170914151,0.1984732774443345,0.4155844105979086,4,0.7894736842105263,4.891228070175439,1.3533586818757921,0.9444181038532076
0.38181818181818183,0.27639751552795033,0.15802054314880148,0.10535950027373046,0.07649862315914528,0.32952557567358925,0.3519999950720001,0.09302325086036603,0.32799999507200006,7,1.6363636363636365,2.979797979797981,1.1998644986449865,0.8015982688459895
0.3816793893129771,0.4406564685165449,0.2688244664186887,0.16712572829983774,0.09604912318686244,0.3450659834482197,0.3722627687748415,0.1273209499328077,0.35036495855586347,7,0.5625,11.5625,1.703422053231939,0.9206449405521916
0.46551724137931033,0.6390977443609023,0.4615545270643915,0.35206987588735017,0.25499814467275034,0.5779673048361705,0.6206896501783592,0.41111110613333335,0.6068965467300833,0,1.0,0.09090909090909172,1.0075757575757576,0.9362148225028358
0.5306122448979592,0.6447489568622129,0.49071185990744753,0.38689724114016877,0.29951059553535914,0.5873291953709389,0.6260869515232514,0.3555555505654321,0.6260869515232514,1,1.1111111111111112,2.9222222222222207,0.8396341463414635,0.9896366588737409
0.2631578947368421,0.21318002623583804,0.09076615004312641,0.0462691139213435,0.015083626772524955,0.1571782480503847,0.2222222175009646,0.02222221749444545,0.18055555083429795,7,0.36363636363636365,10.613636363636363,1.7251552795031055,0.9412748329138866
0.4691358024691358,0.6115107913669064,0.4415591185995755,0.3411339171280057,0.26325869940381214,0.5146587991693646,0.5297297247544194,0.29333332833817294,0.5189189139436086,1,1.1111111111111112,1.4333333333333336,0.9065217391304348,0.9811262599606848
0.7682926829268293,0.704225352112676,0.567641010470998,0.47587805102594033,0.3959795314516846,0.7384012946230863,0.6666666616684808,0.49629629129657066,0.6666666616684808,7,1.5,3.3571428571428577,0.7513227513227513,0.9619604733646588
0.4393939393939394,0.3687150837988827,0.24083215221684434,0.16077931772600274,0.09048182987720191,0.3995827576267498,0.39473683713642665,0.20105819607513797,0.38157894239958456,1,1.1,4.772727272727273,1.4150197628458498,0.9049428296812065
0.32051282051282054,0.29091219775825755,0.16550594717083003,0.10417983405060334,0.06526097871416135,0.2720240567670474,0.3378378328962747,0.07999999513730642,0.2972972923557342,3,0.7,0.7428571428571438,0.9552495697074009,0.9417791581101326
0.2980769230769231,0.32160804020100503,0.18468877512637946,0.11846141179572452,0.0794040775007783,0.35047106325706595,0.3317972300316423,0.11155377986444683,0.30414746044638885,7,1.7,2.594117647058825,0.818593171534348,0.8737366717419861
0.25252525252525254,0.30769230769230765,0.17492637027939648,0.12191146808497619,0.0830115951572069,0.2743315900028678,0.3061224440316535,0.13513513019357215,0.2959183623990005,0,1.0,4.916666666666666,1.4796747967479673,0.9336346676843308
0.5569620253164557,0.6044205387773676,0.457357578290903,0.3627529493432064,0.2924617904535066,0.5115021574973032,0.578680198056121,0.36065573271331636,0.5583756295282023,1,0.9166666666666666,0.7348484848484844,0.9471965160587915,0.9866254353295716
0.36,0.4,0.25575145167026236,0.1453735732572971,0.07794744384861778,0.31738203199928067,0.3934426179545523,0.1422594092330318,0.3606557327086507,7,0.5,11.714285714285715,2.0512820512820515,0.9355559693738478
0.7619047619047619,0.7921047056534334,0.6823698141809709,0.5927006102487721,0.5131095453209428,0.7239415988403026,0.7953667903668699,0.5664739834474924,0.7644787594788391,1,0.9285714285714286,0.5274725274725256,1.033264033264033,0.9864958801184431
0.6,0.6939655172413793,0.5643075856318714,0.45851995546788393,0.3688055697127839,0.675780388475048,0.6219081222090426,0.42970821781198776,0.6148409843998554,2,1.1538461538461537,1.6102564102564099,0.9057057057057057,0.9926294430050925
0.4827586206896552,0.5888888888888889,0.4659744800038921,0.3565005726914711,0.26866630217326976,0.5929603368394691,0.520833328333876,0.27160493327575413,0.4999999950005426,4,1.2857142857142858,1.1428571428571423,0.8974358974358975,0.9826311255728454
0.375,0.41353383458646614,0.25649458802128855,0.17986707595238188,0.12073303368948574,0.42147062918518563,0.38571428071836744,0.1749999950070314,0.37142856643265304,3,1.3,0.6307692307692303,1.0657051282051282,0.9265147392273423
0.6697247706422018,0.753666390181335,0.657119914860854,0.5788389637055418,0.5063989469487767,0.7327270477008213,0.7241379260347207,0.5196850343800332,0.7103448225864448,1,0.9285714285714286,0.5,1.0256410256410255,0.9963857601266036
0.36470588235294116,0.4021551782290854,0.2562418517955932,0.1539734577966164,0.09101330265066374,0.33488979439049166,0.40206185071314704,0.14782608199432912,0.36082473731108516,3,1.3,4.092307692307692,0.7342657342657343,0.9109696996342298
0.6310679611650486,0.5878962536023055,0.47178914543592665,0.3821250482404345,0.3008501590236263,0.5968962814979968,0.5999999950002745,0.3770491753332438,0.5925925875928669,13,1.8666666666666667,7.540476190476191,0.6217152412804586,0.9499563488030891
0.39,0.42424242424242425,0.32425042778838187,0.243156270150454,0.17053362313839962,0.4608510151093519,0.4827586156989447,0.24342104764542946,0.4827586156989447,9,1.8181818181818181,3.8136363636363626,0.7517751479289941,0.9049913222249824
0.6363636363636364,0.6914285714285714,0.5777483045827793,0.48264856238968895,0.4048151327334436,0.7289466661242977,0.66666666166829,0.4444444394457042,0.6306306256322539,1,1.0833333333333333,0.4615384615384617,1.0355029585798816,0.9870664730735385
0.39080459770114945,0.39378238341968913,0.3004027233570718,0.22486078679584598,0.1651288619479612,0.5585886632256781,0.46242774082528654,0.20725388119412613,0.46242774082528654,7,1.4375,1.8288043478260878,1.2786749482401658,0.9194985844089787
0.6242424242424243,0.6261980830670927,0.4968566714640884,0.4107805386113429,0.3421959859810039,0.625745352507892,0.5189504323181668,0.33103447776456607,0.5131195285280793,5,1.3333333333333333,3.1500000000000004,0.8324468085106382,0.9699099213520063
0.673469387755102,0.7452830188679245,0.6345587120268781,0.5452489005136044,0.4642442059127672,0.7281510354455328,0.6610878611088742,0.4620461996205165,0.6443514594352341,1,0.9166666666666666,1.8560606060606055,1.10656807307525,0.9742405492635992
0.6875,0.5916666666666667,0.44595913694051426,0.3371422384824799,0.25335067993271065,0.7095155135224822,0.5844155794695565,0.3199999951020409,0.5714285664825435,2,0.8,5.4,1.5625,0.9552214373695722
0.44,0.3571428571428572,0.19920476822239896,0.1111483620372272,0.06107446405338226,0.336918349429324,0.39999999501449707,0.11940298010247291,0.36923076424526635,5,1.5,3.5333333333333314,0.8408408408408409,0.8614997673758907
0.4797979797979798,0.4469135802469136,0.31901786699520207,0.23935821791328354,0.17390620277258947,0.43536813140437614,0.46191645692011424,0.22857142358102506,0.45208844709210444,2,0.8666666666666667,11.087179487179487,1.5525172501916689,0.9539674972984066
0.5350877192982456,0.445141065830721,0.3107848329588044,0.22134104941491103,0.15364742329052672,0.4259035764300394,0.44715446656090957,0.23229461256859466,0.4390243852600965,12,1.8571428571428572,5.445054945054945,0.6926178660049628,0.9010075800339363
0.5875,0.6666666666666666,0.5609515724790034,0.4850661527354742,0.4095760736023791,0.5571279606733205,0.6101694865255833,0.41999999499999996,0.5988700514973347,1,1.1,0.8454545454545457,0.9312638580931264,0.9782563510597811
0.6767676767676768,0.7205240174672489,0.5975799659246933,0.5167938482266453,0.44413744767285807,0.7099844765979362,0.6970954306916204,0.470948007233585,0.6970954306916204,1,0.9411764705882353,1.547794117647058,1.1212557603686635,0.9927811472116097
0.36231884057971014,0.47107438016528924,0.27310579792363276,0.17420780380114811,0.11418149170375909,0.35009611687812375,0.3741935433922997,0.16129031758584825,0.3483870917793965,0,1.0,0.5999999999999996,1.0521739130434782,0.9112252716312494
0.21904761904761905,0.17024483907315519,0.09028871556295667,0.0413592801791758,0.012769145377724436,0.12700026640173384,0.2599999952880001,0.05555555094135841,0.24999999528800002,7,0.46153846153846156,4.794871794871792,1.2899224806201548,0.9510140608521835
0.7073170731707317,0.7097951885480849,0.6271118684202069,0.5684651067958296,0.5143908668735678,0.7146026326975367,0.6889952103202766,0.5399239493761657,0.6794258323298461,2,0.8461538461538461,1.9160839160839167,1.1415289256198347,0.9844361314781405
0.47297297297297297,0.3791208791208791,0.2629096541562483,0.16941903233721817,0.10073541785858943,0.49192644654982326,0.3878787829201103,0.11956521243915427,0.3878787829201103,1,1.0625,3.7683823529411757,1.543190249072602,0.8858621431100545
0.562962962962963,0.6534100111257544,0.5342910331623474,0.45138343342207576,0.3794775783384047,0.5103810281598342,0.6169665760009517,0.43082311239138643,0.6066837996513372,0,1.0,2.6315789473684212,0.8721227621483376,0.9870719947686797
0.4883720930232558,0.4074702886247878,0.2398271555741298,0.15511798951188413,0.09906514278800575,0.340045181802082,0.3283582039863431,0.10094636730069982,0.31982941933815545,3,1.1764705882352942,1.9205882352941153,1.0697649572649572,0.7994641608383021
0.6538461538461539,0.6691729323308271,0.5422458214432234,0.4513877521156237,0.3660604252073435,0.6314961674388637,0.5863874295562074,0.3999999950010708,0.5759162253677258,2,1.1818181818181819,1.5874125874125884,0.865680473372781,0.9802712500319269
0.45454545454545453,0.5063053486807589,0.38957745549401734,0.31131720024385257,0.2463962573866773,0.3829383316812352,0.5088339173379617,0.21994884421870617,0.5017667795287744,3,0.8235294117647058,1.7226890756302495,0.9227289860535244,0.9713740238737284
0.4883720930232558,0.6639793008838412,0.5484071392069134,0.46367632352365584,0.3868563758234698,0.5789530221446337,0.6359446954694303,0.40875911908998885,0.6359446954694303,0,1.0,1.5,0.9152542372881356,0.9915604742451496
0.25842696629213485,0.21531100478468904,0.10670819872958855,0.06683445764167126,0.04473653235522602,0.2683026571682385,0.2360248400138884,0.044444439800000485,0.22360247976544123,2,1.2,8.816666666666668,2.0251937984496124,0.904882503379314
0.4742268041237113,0.6710957642990087,0.5167404789593862,0.40849841901096207,0.31694667615542627,0.5463406444300934,0.6068376018507562,0.3495145581185786,0.5470085420216964,4,1.3636363636363635,5.484848484848483,0.7085346215780999,0.9657608900107931
0.3870967741935484,0.4217252396166134,0.23541245054732343,0.14751787178912834,0.08750527546930088,0.29768011876878214,0.3948497804851812,0.09855071970829682,0.3948497804851812,1,0.9285714285714286,3.5769230769230766,1.174484052532833,0.9330505538375061
0.44036697247706424,0.45390070921985815,0.29534127854218684,0.20912884524957678,0.1419864374602751,0.4204662394832588,0.35714285214569164,0.12698412199264317,0.34920634420918373,3,1.2307692307692308,0.60576923076923,0.9667721518987342,0.8811174562563613
0.7083333333333334,0.7333333333333333,0.623343576152308,0.5265187082310059,0.4382037606472564,0.7447720901209882,0.7625899230785157,0.5909090859407283,0.7625899230785157,0,1.0,0.3636363636363651,1.0305343511450382,0.9372438513051834
0.25806451612903225,0.1201141381898141,0.05824000145201827,0.03323585224933248,0.01938448586377834,0.1414090994174603,0.25974025521260846,0.05423728374513107,0.21645021192256525,12,0.29411764705882354,8.423529411764708,1.4634304207119742,0.9118270578489499
0.7227722772277227,0.5596330275229358,0.44942462659609184,0.3783535448953464,0.32061471481124676,0.5991553562365933,0.6712328717160819,0.46680941684156474,0.6643835566475886,18,2.5,13.716666666666667,0.5144542772861357,0.9327605837239056
0.308411214953271,0.34101382488479265,0.18636761942891059,0.11136776551821735,0.049572938989153256,0.4127801033751683,0.36448597635208313,0.12799999503200019,0.34579438756703645,2,1.1428571428571428,3.9196428571428577,1.4064814814814817,0.8868126708792952
0.5581395348837209,0.676829268292683,0.5505632173982729,0.460565020753466,0.3821963570300202,0.6146562919922828,0.6280193186725478,0.42145593370326334,0.6086956471749633,7,1.6363636363636365,5.797979797979798,0.6111111111111112,0.9660738799195431
0.7534246575342466,0.697986577181208,0.6142394009826885,0.5481135315815435,0.48750488220427457,0.7443214004966122,0.6829268242690363,0.4901960734318532,0.6829268242690363,1,0.9166666666666666,1.962121212121211,1.1693917593198169,0.9861346333240101
0.6666666666666666,0.6649214659685864,0.5765940799074277,0.5079704706679693,0.4480473304839549,0.8138661375189797,0.6934673316936443,0.5599999950051201,0.6934673316936443,8,1.7272727272727273,3.401913875598087,0.7471550497866287,0.9434563530497263
0.6728971962616822,0.7045029805766548,0.6159491341149267,0.5508432392206433,0.4893896132104984,0.702332513953948,0.7137254852183008,0.5517241329570267,0.7058823479633988,4,0.7333333333333333,3.084848484848484,1.2246248896734333,0.993559823895243
0.2767857142857143,0.22111208988047953,0.12340125514246164,0.08074454370554876,0.049776370544162465,0.18315185650396426,0.2782608647017014,0.09352517512111197,0.26956521252778837,3,0.75,3.3611111111111125,0.8124031007751937,0.9769111287671153
0.5185185185185185,0.5057471264367817,0.36369262485754866,0.2791994232447308,0.21008069922964775,0.48056327869359183,0.5179282818755259,0.2654867207003072,0.4860557719153665,4,1.2105263157894737,0.5995423340961104,0.9498180425205899,0.8100401092681747
0.42342342342342343,0.33534743202416917,0.21854428373891965,0.1606095753617221,0.11373005267969168,0.4389511355773033,0.4104477562076744,0.15342465254779528,0.4104477562076744,9,1.8181818181818181,2.8136363636363626,0.8546948356807512,0.8847313703821641
0.38095238095238093,0.41798941798941797,0.26673420286292904,0.19655898710270608,0.14992530971342088,0.3033334448570823,0.36464087914410426,0.19130434304385643,0.36464087914410426,0,1.0,0.4166666666666661,1.0271739130434783,0.8423377871959213
0.7831325301204819,0.8055555555555556,0.7530199905349468,0.7074785532771922,0.6619817863551822,0.8337112454309243,0.8135593170353347,0.7335640088408903,0.8135593170353347,0,1.0,0.7272727272727266,1.0465116279069766,0.9896200509304371
0.5735294117647058,0.6240601503759399,0.4763727151853568,0.3683897710401201,0.27351559910690715,0.5788849131155133,0.6382978673455184,0.3098591499323327,0.6382978673455184,3,0.7272727272727273,5.170454545454545,1.4513888888888888,0.9855667172229701
0.5632183908045977,0.5925925925925926,0.420325549994187,0.32121688512169577,0.24189414029820164,0.5647320304551532,0.5164319198959643,0.23715414519958142,0.4976525771729595,0,1.0,0.7272727272727266,1.051948051948052,0.9822415200553613
0.5222222222222223,0.6354679802955665,0.48896519598380467,0.37775318061946134,0.28720299642851094,0.5119176950133519,0.5822784760170201,0.3386581419673571,0.5822784760170201,0,1.0,0.14285714285714235,1.0099502487562189,0.9266062183257626
0.7142857142857143,0.7295597484276729,0.6553048213500667,0.5954896532121391,0.5403983452497667,0.8163718400000002,0.7586206846562644,0.5679012295679859,0.7586206846562644,3,1.2727272727272727,2.1883116883116873,0.8384467881112178,0.9765042175215255
0.2897196261682243,0.3767382213372741,0.2218130880122517,0.16158402195204738,0.10601193285497196,0.30063187099432603,0.23350253310829971,0.07725321390484294,0.23350253310829971,2,1.2,4.0166666666666675,0.7505175983436853,0.9066406161196275
0.6235294117647059,0.71168635074846,0.6066678117814541,0.5175141208443735,0.4435960284488436,0.6709090394668363,0.6834170804636247,0.47967479177473726,0.6733668292073434,0,1.0,1.0833333333333321,0.9192546583850932,0.9933554476165504
0.6190476190476191,0.6621621621621622,0.5555263400522674,0.473534968816912,0.39811865322431184,0.7052971135993811,0.6425339316566001,0.40569394518103874,0.6244343841452877,6,1.4285714285714286,2.614285714285714,0.8093750000000001,0.9529193578511319
0.5822784810126582,0.5543714973393933,0.4443611395074316,0.35685054452647097,0.2835168611477572,0.514192287870968,0.6268656666627064,0.35245901141494224,0.6268656666627064,5,0.7058823529411765,1.3431372549019596,1.1240942028985506,0.9705839903679367
0.3302752293577982,0.2308916832138878,0.13606421070233324,0.08927299243049173,0.05352559524902479,0.23610036883098548,0.3121951172140393,0.07843136781668618,0.30243901965306363,10,0.375,9.729166666666668,1.6980568011958148,0.9252901529068636
0.4155844155844156,0.5927627058175791,0.4635331752698297,0.357244156691556,0.27547343847922856,0.5357531009022374,0.5346534603543771,0.2846153796579883,0.4950494999583374,1,0.9285714285714286,0.5604395604395602,1.0456171735241502,0.9254671100534063
0.49019607843137253,0.5412186379928315,0.38717680941168975,0.28909889302046005,0.20752969109692326,0.457000599381628,0.47592067488704665,0.24311926105767623,0.47025495250744326,9,1.6,6.308333333333334,0.6482342007434944,0.9893916262299711
0.6333333333333333,0.6654929577464789,0.5399945254288758,0.44648506289516277,0.3610907100509691,0.6797627959813688,0.6412213690530856,0.41884816254050056,0.6183206056943069,6,1.5,4.722222222222221,0.7696476964769648,0.974140762064039
0.5625,0.5063291139240507,0.3636290339574853,0.2803004079535461,0.21280068366701685,0.46269198982708426,0.4019607793214149,0.22222221724559876,0.38235293618416,0,1.0,0.8333333333333321,1.0675675675675675,0.9510671120544172
0.45454545454545453,0.48044692737430167,0.3326631054063181,0.25012758645493216,0.18587272007046476,0.37655411440449305,0.42458100058674825,0.205761311874545,0.41340781622920636,3,1.3,3.4307692307692292,0.800536672629696,0.9345552664772454
0.330188679245283,0.32710280373831774,0.17958165886179037,0.11350685749392579,0.071375972015875,0.3695618186964453,0.35643563870600925,0.13733905094881116,0.3366336585079895,11,2.1,2.0095238095238095,0.8352849336455894,0.9081964798112142
0.5535714285714286,0.6948548498255767,0.555887555162232,0.4596513754150233,0.3820191559048222,0.5947271555749293,0.6484641588239817,0.40919539730014537,0.627986343124323,1,0.9285714285714286,0.060439560439562,0.9971509971509971,0.9909477233298611
0.5777777777777777,0.6122389206338312,0.5002667020983548,0.40970509011939843,0.33032162901483325,0.5901241240683733,0.5573770441816717,0.3410138199086836,0.5355191206844039,0,1.0,0.6363636363636367,0.9548387096774194,0.9660788729934728
0.5648148148148148,0.5839223317352817,0.45940378656928277,0.3668843063909337,0.2985746777856223,0.5366633688424637,0.522821571773902,0.2775800661886248,0.5062240614004581,4,1.2857142857142858,3.158730158730158,0.7515605493133584,0.9808711757986668
0.3373493975903614,0.3165829145728643,0.21533277655680275,0.1516704899744869,0.10769089875355527,0.40233886642509864,0.27499999522578134,0.0952380905215422,0.2499999952257813,4,1.4444444444444444,4.196581196581198,1.3776923076923078,0.9129958546738249
0.7608695652173914,0.7044334975369458,0.6541239365975293,0.6155473829603824,0.5752394451180377,0.7396397459624222,0.7537993870976804,0.5989847665756655,0.7537993870976804,2,0.8666666666666667,5.897435897435898,1.2327935222672064,0.9848873303167197
0.8795180722891566,0.7641921397379913,0.6420759683006205,0.5560551588494199,0.47653262961375237,0.7634659306102306,0.7286821655429361,0.5306122399000418,0.6976744136049516,0,1.0,0.5882352941176467,1.045662100456621,0.9776987557324953
0.5277777777777778,0.5420575003487234,0.4141292866218898,0.32423274686122705,0.251789848847714,0.4621031489236459,0.5348837160627367,0.2937499951320313,0.5271317780782405,6,0.6842105263157895,3.0,1.2307692307692308,0.9418164414780329
0.7346938775510204,0.6533333333333333,0.5263870565784585,0.4314229157914637,0.35090567573448006,0.6081689938299603,0.5913043428321362,0.3832752563313868,0.5739130384843102,9,1.5294117647058822,3.8167420814479645,0.6939404934687953,0.9849363404364607
0.7171717171717171,0.6904761904761905,0.62437026830519,0.5735754772468322,0.5174804920946687,0.7720541436787981,0.7499999950027466,0.6545454495471076,0.7499999950027466,1,1.0909090909090908,0.7727272727272734,1.046195652173913,0.9839872938464612
0.4358974358974359,0.3544973544973545,0.21273218239183792,0.15306800808240886,0.11315417858907442,0.3829868712773573,0.34090908591942154,0.11428570929297074,0.3181818131921489,2,0.8181818181818182,9.272727272727273,1.7906976744186047,0.8956947123082558
0.3448275862068966,0.43103448275862066,0.26880166528523514,0.1918935145414068,0.13714357338607505,0.37156517357269203,0.3799999950005,0.16935483371780713,0.3699999950005,4,1.3333333333333333,2.208333333333334,0.8312101910828025,0.9058173806350356
0.631578947368421,0.7259228200527152,0.6444864749832815,0.5765866399613061,0.5121217946059101,0.7214857384871349,0.7064676567015669,0.5639097694406129,0.6965174079453479,1,1.1,2.9454545454545435,0.8399209486166008,0.991575312918256
0.3404255319148936,0.40606060606060607,0.314704897022439,0.2637459141507929,0.22364415599392692,0.6381974037736264,0.41176470088235295,0.22797926961153328,0.41176470088235295,9,1.8181818181818181,3.6590909090909083,0.6927480916030535,0.8696267849592793
0.46601941747572817,0.5813953488372093,0.4591277748225336,0.3800778842914782,0.3119107221033686,0.5682573140567128,0.52968036029941,0.3507462636611718,0.5114155201167615,7,1.7,5.782352941176471,0.636330003699593,0.9566775153622082
0.6575342465753424,0.6816880268830313,0.5697060352988851,0.4962845912341593,0.43210229441851294,0.6369260252850854,0.6627906926987561,0.43243242745231725,0.6511627857220119,1,1.0833333333333333,2.25,0.8163265306122449,0.9927812431436815
0.3838383838383838,0.4742857142857143,0.2999178869561736,0.19701014941661252,0.12060964976146434,0.4134670727461546,0.42056074267053895,0.15969581249634968,0.4018691538854922,3,1.2307692307692308,1.677884615384615,0.8669969512195123,0.9396829583482303
0.42424242424242425,0.3775933609958506,0.2660803547553295,0.2056834263004656,0.15825969523613373,0.3158612195121951,0.35874438961893473,0.12167299881102826,0.35874438961893473,3,1.3333333333333333,2.25,0.8992537313432836,0.8699873059437765
0.5,0.5285714285714286,0.354243109860819,0.23691965146526517,0.14681664737394678,0.4527160289934857,0.3902438974472867,0.1710526265824101,0.35772357224403467,3,0.7692307692307693,4.846153846153847,1.5294117647058825,0.945710300970344
0.3275862068965517,0.39759036144578314,0.23094434911698633,0.11206104984185114,0.035819326651418716,0.27820229187899276,0.27350426850463877,0.07812499500488314,0.27350426850463877,2,1.2,1.2833333333333323,0.8434959349593497,0.9316816602481859
0.3063063063063063,0.46113989637305697,0.321366025934939,0.22073319636598945,0.14421622924095304,0.39422142807344057,0.37656903267169695,0.1724137881072534,0.3514644301612367,1,0.9,2.7444444444444436,1.1467617349970292,0.9300931735998555
0.4690265486725664,0.35251022921187253,0.271967546316484,0.22675286529573738,0.19365949916846936,0.3526442852539641,0.48214285222098213,0.2965779418467811,0.4553571379352679,8,1.6153846153846154,11.35897435897436,0.4231770833333333,0.9817327401058031
0.6666666666666666,0.6666666666666666,0.5449492609130661,0.44703729170181444,0.3730832708531699,0.7891344301564404,0.6562499950048828,0.44444443944540896,0.6562499950048828,0,1.0,1.7272727272727284,1.206521739130435,0.9668231236197002
0.42857142857142855,0.4969620078095041,0.36463473226684506,0.2837224882139915,0.222688461634426,0.4085220192963876,0.48888888388950624,0.26244343391658653,0.4555555505561729,0,1.0,1.5,0.8972602739726028,0.9457562682340723
0.4954954954954955,0.46153846153846156,0.35454698521910316,0.29455710744722763,0.24551829262510447,0.5232990349836102,0.4085106333023088,0.23367697095216178,0.3999999950044364,2,0.8666666666666667,6.2666666666666675,1.492146596858639,0.9080276154834195
0.425,0.46496815286624205,0.33654341938906573,0.2596616745150069,0.20441812544846447,0.4211395683453238,0.4512195071980964,0.2399999950005001,0.4512195071980964,1,1.0909090909090908,0.6287878787878789,1.0504866180048662,0.9397800814455599
0.5357142857142857,0.6540880503144654,0.5344586488113262,0.44418994161503866,0.3581011949079968,0.680993566528908,0.6567164129105716,0.42918454435631537,0.6567164129105716,3,0.7272727272727273,6.965909090909092,1.5396126760563382,0.970778959892035
0.5740740740740741,0.6939437843965798,0.5520019917196066,0.4548445823100475,0.3683243552459669,0.605412185458533,0.6174496594315572,0.388571423572898,0.6174496594315572,2,0.8,2.1999999999999993,1.2037037037037037,0.9954189373379033
0.5540540540540541,0.671875,0.5344896012629878,0.4452933595467757,0.3727218882026039,0.6602127287142578,0.5806451562905307,0.4361702077659575,0.5806451562905307,2,1.1818181818181819,0.9720279720279716,0.9101486748545572,0.972822650604874
0.19727891156462585,0.2359602144658207,0.09665092196159776,0.017341226850130807,0.006950695301428783,0.18296102891403151,0.25641025151581565,0.04301074781824544,0.23931623442179864,11,0.45,6.977777777777778,1.7120181405895691,0.9532868610904468
0.29411764705882354,0.4918032786885246,0.337351029911676,0.2218522928637261,0.1446937061493795,0.3991197350482742,0.3975155229520466,0.202127654579561,0.3975155229520466,2,1.1428571428571428,0.875,0.8970588235294118,0.9546261401977203
0.5212765957446809,0.6517739376729973,0.47707896430315627,0.36372039207520374,0.28226020137445323,0.5830742122140493,0.5213675163678866,0.28187918963109776,0.49572649072686104,1,0.9230769230769231,0.532051282051281,1.0369875222816398,0.9965022404249616
0.2536231884057971,0.1977671105955998,0.12152116988430837,0.08584188249935157,0.055496730882722854,0.186566339609299,0.2396694171487604,0.06734006301352498,0.23140495433884306,14,0.06666666666666667,129.46666666666667,8.38403041825095,0.9043074614661587
0.4787234042553192,0.3682008368200837,0.23599628010815468,0.1646987778233187,0.11849602692433432,0.4426280336359945,0.33673468896553527,0.13114753610487792,0.31632652570022907,3,0.7,19.942857142857147,2.4044265593561374,0.9404528265149998
0.75,0.7559055118110236,0.6884335533697673,0.6424344696869657,0.5989531061039385,0.8324463738215788,0.788732389367189,0.6994535469163009,0.788732389367189,2,1.2,0.9166666666666661,0.9202898550724639,0.974305887221788
0.6219512195121951,0.6942675159235668,0.6114215851015357,0.5637310931328375,0.5180517331157537,0.694215419454112,0.6632653011224491,0.508620684655544,0.6428571378571429,3,0.7692307692307693,4.161538461538461,1.3606666666666667,0.9948335856410164
0.47580645161290325,0.4897360703812317,0.3499057267255109,0.254906656235025,0.18133914081557248,0.4670548334979494,0.47468353931661594,0.2318840529784827,0.4620253114685146,5,1.25,0.8399999999999999,1.065625,0.9304647464642501
0.4878048780487805,0.6274509803921569,0.4935079042929173,0.4080659847189843,0.339122248232415,0.6197526967858171,0.5464480824569263,0.3659574418129471,0.5464480824569263,2,0.8333333333333334,3.3000000000000007,1.2750000000000001,0.9816586868633894
0.5949367088607594,0.6448239040869368,0.5426436455014239,0.4726366588968352,0.40785801697078733,0.6381358580522557,0.5894736792243769,0.4285714235786849,0.5894736792243769,0,1.0,0.8888888888888893,0.9384615384615385,0.9895363827900597
0.4496124031007752,0.45758354755784064,0.33117749127781926,0.24381488943738905,0.18125298695533823,0.4047270691280071,0.44951139570923837,0.19999999502769078,0.44951139570923837,7,1.368421052631579,0.933198380566802,0.9412888436067244,0.9509358108763856
0.39823008849557523,0.31679389312977096,0.23109709440197246,0.17787067786652416,0.12542023582727638,0.4883750672958565,0.3928571381265944,0.15564201862798846,0.35714285241230875,15,2.5,1.8200000000000003,0.8520325203252033,0.8806534870282738
0.6292134831460674,0.6,0.4355654068568641,0.3388462633766534,0.255786057390681,0.616756758500826,0.5714285664461145,0.31018518020619007,0.5574912842161495,2,1.1538461538461537,0.23076923076922995,1.008955223880597,0.9313366075349704
0.26436781609195403,0.3891891891891892,0.22995426919812595,0.14523607884618087,0.09439144184865618,0.3305687203791469,0.37634408102208355,0.12552300755308923,0.34408601650595444,3,1.2727272727272727,1.9675324675324681,0.8704020530367835,0.897864367913012
0.3228346456692913,0.2673214226162946,0.15055248320486697,0.10274906837891226,0.06750418234105388,0.2062080302654987,0.2464454927382584,0.0809716550567952,0.21800947378091245,6,0.4,14.600000000000001,1.7724867724867726,0.9842789593208572
0.6179775280898876,0.6987109716341757,0.6002673560430832,0.5224889272877821,0.4471323332696416,0.6934739765296066,0.6816143447766897,0.4866920102178722,0.6816143447766897,2,1.2,4.100000000000001,0.7602339181286549,0.9978717119441088
0.5365853658536586,0.5203619909502263,0.4155304678653459,0.3394227490758376,0.2751155123371297,0.6140943552552667,0.4812834174920645,0.3193277261210367,0.4812834174920645,6,1.4,0.5428571428571427,0.9509466437177281,0.9577329759500194
0.4507042253521127,0.5283018867924528,0.3219536731609228,0.20801662921326208,0.11334615210846552,0.45275631496197866,0.4022346318841485,0.1651376096826868,0.4022346318841485,3,0.75,4.833333333333334,1.3766233766233766,0.9795425629751359
0.4383561643835616,0.42065096089564386,0.2671873036395109,0.17384471795480977,0.11193229017459341,0.34685314685314683,0.42168674198867767,0.16243654323378612,0.38554216367542465,3,0.7,3.7142857142857153,1.2857142857142858,0.9649457619094358
0.6774193548387096,0.7048611111111112,0.6049283816151039,0.5388323162500253,0.47812065110163354,0.7343802072611818,0.6640624950003052,0.5041551196568473,0.6640624950003052,1,0.9411764705882353,3.0,1.2,0.941046068670878
0.2534562211981567,0.2589794860476777,0.1606763142169487,0.1020851050036781,0.053153234733942005,0.2125322279976591,0.2964824074562512,0.08193668067358169,0.27135677931554764,12,0.3333333333333333,19.444444444444446,1.7972665148063782,0.964150982508645
0.6964285714285714,0.5901639344262295,0.45260390109724347,0.3708818677964835,0.30572532669886965,0.600183567536037,0.46969696470730027,0.2465753374666918,0.46969696470730027,1,0.9,2.5555555555555554,1.2323232323232323,0.9725766792265468
0.3695652173913043,0.3853104089591431,0.2201202361822897,0.13622156382511957,0.07185960057469767,0.30457941637829056,0.43979057097667285,0.1848739446490362,0.40837695841122773,6,0.5714285714285714,4.232142857142858,1.3347457627118644,0.949487200871203
0.5523809523809524,0.5898970875895372,0.48887028301392277,0.4049248152032656,0.3244787171813483,0.5532317817327776,0.5609756047891469,0.36986300871763,0.5609756047891469,2,0.8571428571428571,0.035714285714286476,1.0024271844660195,0.9889740316727536
0.6,0.618421052631579,0.4998256928655415,0.4056593266538864,0.3198223931437661,0.5841728402130272,0.5656565606570759,0.40329217607004353,0.5555555505560656,3,1.2307692307692308,1.5,0.8636363636363636,0.9641860285329794
0.41346153846153844,0.3684210526315789,0.22984818615609148,0.15619306391205898,0.113225451036891,0.34193498048349014,0.3788546205515342,0.10256409758349123,0.3788546205515342,3,0.85,6.397058823529411,1.6915739268680445,0.8941338084026734
0.5529411764705883,0.6077833826129654,0.41075392281296585,0.2943924577364656,0.2127889131079491,0.5019290992850303,0.489999995018,0.21276595246717986,0.479999995018,1,1.0714285714285714,1.6238095238095251,0.8570230607966456,0.9921872710122673
0.36363636363636365,0.44621927322946975,0.2952364828734625,0.1894466007129739,0.12003539925906674,0.3046079276871756,0.41314553490885847,0.13284132343786187,0.4037558635473562,2,0.875,0.7678571428571423,1.0646616541353382,0.9329756325902742
0.6296296296296297,0.6788954367148543,0.5796039428395826,0.4847260172189288,0.4007741081197151,0.6547410634629564,0.6814814764949246,0.49397589865002184,0.6814814764949246,1,1.125,3.375,0.7652173913043478,0.9794229047832447
0.5714285714285714,0.6874174115221956,0.6107794733457363,0.5525494479713531,0.4993479006918143,0.6205746049418406,0.675213670295858,0.5048543639823629,0.6239316190138069,4,1.2666666666666666,5.028070175438597,0.6883427577207482,0.9788297819102064
0.45054945054945056,0.4114285714285714,0.24313226954193232,0.15349735795079045,0.09441536194397868,0.2741228070175439,0.3317535495033805,0.11764705382545197,0.3222748765175985,3,1.3,2.5384615384615383,0.8413461538461539,0.9285230579583655
0.34782608695652173,0.5661764705882353,0.4295714031612712,0.3415237465405804,0.2649599966083257,0.5027398277048362,0.44444443944506173,0.26086956021890373,0.3999999950006172,1,0.9,1.511111111111111,1.1111111111111112,0.9947725302733639
0.5517241379310345,0.5573770491803278,0.4183826382320224,0.3214461919630524,0.2521931348907033,0.6042159362353128,0.6013985964008021,0.3488372043050298,0.5874125824147881,0,1.0,1.363636363636365,1.1401869158878506,0.9416544338878514
0.5316455696202531,0.6885245901639344,0.5939677801746929,0.5311458540205394,0.46849832727495083,0.6509810353846563,0.5911949636106166,0.48618784037117313,0.5786163472584155,0,1.0,0.0,1.0,0.9393767842159635
0.37037037037037035,0.39903846153846156,0.27065372227972806,0.19550459026340142,0.13976788777405078,0.4080968089407026,0.3744292187677488,0.19285713786964298,0.36529679867642467,7,1.7,5.664705882352941,0.6835359842260926,0.9513472950743426
0.35064935064935066,0.4178840089286383,0.3106543958994065,0.21322973957946922,0.1394799795562791,0.287896771052071,0.3924050583712547,0.17341039969795197,0.3924050583712547,1,1.0909090909090908,2.8560606060606073,0.7466397849462365,0.9699997214203988
0.6194029850746269,0.7170682665681136,0.5786923898823372,0.4750936348253387,0.38541987580222853,0.5698033141416785,0.6814814764902912,0.4296296246395062,0.6617283900705381,1,1.0666666666666667,1.7708333333333321,0.9241071428571429,0.9944810835077218
0.5172413793103449,0.5016210301629649,0.37417405014514676,0.29453477149580415,0.22854036045562592,0.3938992847293243,0.47457626630278654,0.24181359719356135,0.46779660528583744,2,1.1176470588235294,5.046439628482972,0.7187230371009491,0.9206351187582581
0.6880733944954128,0.6844444444444444,0.5387743291748204,0.4310998367707223,0.34442272500842475,0.666724715616729,0.637992826541283,0.4035087669299956,0.5878136150717489,5,1.4166666666666667,4.43137254901961,0.7491675915649277,0.9718898624798452
0.578125,0.6785714285714286,0.5502625233663601,0.4511307411719365,0.371643914729579,0.7372761400081161,0.5935483821019771,0.40796019401103933,0.5935483821019771,2,1.2,0.6999999999999993,0.967741935483871,0.9364941188348134
0.39669421487603307,0.36900369003690037,0.21556236067082776,0.1183695264509099,0.06458856534880894,0.36582169269621495,0.41463414146077077,0.1142857094611239,0.37398373495670567,5,1.2941176470588236,2.906417112299465,1.3088068181818182,0.9268750180842856
0.49038461538461536,0.40273037542662116,0.29941423636971143,0.23045371575362789,0.1685647940894185,0.5683471525217556,0.5064377632610658,0.2617449614870952,0.5064377632610658,11,1.6875,0.3518518518518512,1.0335097001763667,0.8915065409749284
0.22641509433962265,0.20471288667912194,0.10036419839723926,0.054370037297297065,0.02945797989493515,0.1697042031395178,0.2626262579711255,0.05357142403220702,0.23232322766809518,9,0.35714285714285715,8.628571428571428,1.6863636363636363,0.926401723955416
0.46835443037974683,0.5946538618060982,0.4510219876914584,0.3505744666973118,0.2542285896391758,0.49706854527770356,0.48677248177374655,0.27586206398372476,0.48677248177374655,0,1.0,0.2142857142857153,0.9803921568627451,0.9784764659304768
0.40310077519379844,0.449438202247191,0.29065592215549035,0.2179257136463687,0.16330743650717203,0.3674509551208286,0.36298931892098635,0.13031160982721973,0.3487544434761465,1,1.0526315789473684,0.33421052631578974,0.975576923076923,0.8775248730539847
0.4358974358974359,0.5111111111111111,0.3601179095648901,0.2533623439834616,0.16959790095046512,0.4163266035910353,0.4712643628266614,0.226600980222767,0.4597701099530982,3,1.3333333333333333,2.9722222222222214,0.791015625,0.9801549940273302
0.4074074074074074,0.4717315146355576,0.3755776549440802,0.3129480411227428,0.2596217457120223,0.4813539771172223,0.5355648487337408,0.3205574864597118,0.5271966478969208,0,1.0,5.333333333333334,0.6995305164319249,0.980863193967686
0.21333333333333335,0.2866125242295157,0.1664028606656533,0.07841636300328941,0.024686242910960412,0.2184311148992589,0.29370628881412303,0.07317072683298664,0.29370628881412303,2,0.8,0.75,0.9375,0.9595777843076873
0.43010752688172044,0.4114285714285714,0.25730700836107073,0.1692281720391084,0.10749047518619798,0.4386824494949495,0.3850267329714891,0.15596329775608128,0.36363635863993826,3,0.7,11.3,1.8248175182481752,0.8512216971932454
0.3548387096774194,0.43023255813953487,0.26541935954355067,0.16358646583300798,0.09951702619199487,0.3242354871292974,0.36453201471911484,0.1490196028838141,0.3349753644728094,6,1.6,6.149999999999999,0.636094674556213,0.9282683101083171
0.3,0.2889545782890764,0.17756543970434394,0.11108247790899006,0.06511024752602984,0.23739292747904386,0.3115577841367643,0.10399999516928023,0.3115577841367643,9,0.4,10.266666666666667,1.7475728155339807,0.903761075163209
0.6617647058823529,0.635036496350365,0.497471062612228,0.40401647434078464,0.320366392784115,0.5770630880545675,0.6666666616673274,0.43809523309569165,0.6666666616673274,0,1.0,1.0999999999999996,1.0873015873015872,0.9604711748247867
0.38461538461538464,0.4249862271157991,0.2889740528677429,0.20782179719668364,0.14822775418574347,0.4158911376872062,0.41635687235997293,0.18633539877608904,0.4014869838841365,10,1.7692307692307692,9.280936454849499,0.4799475262368815,0.9603017972587805
0.359375,0.33536585365853666,0.20285261767593724,0.1344309538328379,0.09984819604660139,0.37725586202040506,0.3561643786376431,0.11976047413675663,0.3561643786376431,0,1.0,5.916666666666666,1.7634408602150538,0.8935912977052232
0.4166666666666667,0.35294117647058826,0.21549855796030776,0.1529926181062525,0.10785520695066378,0.3687272010253377,0.3575418944489873,0.13592232509708754,0.3351955257339035,4,0.6923076923076923,7.692307692307692,1.8264462809917354,0.9452354903602204
0.31521739130434784,0.28205128205128205,0.15165714606532604,0.081174302685029,0.021522808889101477,0.34620642892028064,0.29050278837863996,0.11304347339735371,0.2569832353060142,3,0.75,15.5,2.4761904761904763,0.9441068794625771
0.32222222222222224,0.41107054660590225,0.2841009436537051,0.2078047598140812,0.14678531920247181,0.3677343710856602,0.3880596965134526,0.1576763435787953,0.35820895024479593,2,0.8823529411764706,1.1568627450980404,0.8931159420289854,0.9796534460517474
0.30864197530864196,0.34168019672535144,0.20615540654047082,0.1287087910432897,0.07991308827307349,0.21982132630749524,0.24528301395514426,0.11347517239575497,0.23899370577904364,6,0.625,9.475000000000001,1.5087248322147653,0.9390143350353659
0.4557823129251701,0.5966850828729282,0.4581638819550809,0.36957799074216013,0.2943212921312041,0.5182906351741904,0.5643835566573843,0.33070865642848285,0.5589041046025898,2,1.1111111111111112,0.6777777777777771,0.963905325443787,0.9668699682133427
0.6,0.6049266509271864,0.446252397157135,0.32635856770946503,0.2289574432421201,0.5243866353012298,0.5050505000510154,0.2822580595190557,0.47474746974798493,4,1.3333333333333333,3.4375,0.7453703703703703,0.9851484582954441
0.5128205128205128,0.4029126213592233,0.24282261558169393,0.16230620532984708,0.10868498105469993,0.4234342994162614,0.3272727222830579,0.13545816234853433,0.3181818131921489,2,1.1333333333333333,2.3176470588235283,1.2364945978391355,0.9463145846595291
0.38461538461538464,0.3843137254901961,0.2804967031785862,0.2114432812309487,0.15931300916762386,0.5045930133136248,0.4489795868497501,0.2635658865029145,0.438775505217097,7,1.6363636363636365,0.8030303030303028,1.0600907029478457,0.81630201441634
0.5967741935483871,0.65625,0.4928125132627483,0.37238215814390396,0.2784754250957962,0.7024468305840854,0.5771812030539165,0.2872928126797107,0.5369127466780775,0,1.0,0.9090909090909101,1.0847457627118644,0.9808072437588081
0.5227272727272727,0.46357615894039733,0.3259881729856718,0.25328098482629485,0.19545891702829318,0.5172417679979177,0.470588230296677,0.29473683711024934,0.45248868278536475,7,1.6363636363636365,1.1313131313131315,0.9368302312464749,0.7777594572717476
0.38202247191011235,0.31110614651543794,0.21586903160439327,0.13199875421290094,0.08504393328449426,0.24904713969629547,0.37499999506564674,0.16460904871818335,0.37499999506564674,0,1.0,4.857142857142858,0.6476683937823834,0.9613840633218286
0.43902439024390244,0.5263157894736842,0.3219755605057601,0.1800304408042063,0.09608150582711031,0.4712763839107925,0.4648648598685172,0.1619047569065761,0.4540540490577064,0,1.0,0.8333333333333339,1.08130081300813,0.9865846846378925
0.30275229357798167,0.3508771929824561,0.21172085558439596,0.1282768296117358,0.054489030512877755,0.29144701530593076,0.278260864589414,0.08602150039953267,0.26086956024158797,7,1.6363636363636365,3.424242424242424,0.7871939736346516,0.868802608428162
0.5964912280701754,0.7711864406779662,0.654550923525251,0.5688742033570696,0.48444981419941013,0.7781824683457176,0.6891891841891892,0.5363128441634157,0.6891891841891892,1,1.1,0.47272727272727266,0.9577922077922078,0.9947472705752841
0.6352941176470588,0.5947368421052631,0.47928401999068876,0.39489711657060117,0.31563565342006483,0.7126396264676472,0.586666661688889,0.366412208747742,0.586666661688889,4,1.25,1.75,0.8444444444444444,0.9327624923571565
0.5591397849462365,0.5163043478260869,0.40101883788579434,0.3234236408999714,0.25387929658777536,0.5943033310369862,0.5948717898719263,0.3428571378638901,0.5948717898719263,6,1.5454545454545454,2.6310160427807485,0.8044515103338633,0.8309471507414479
0.33980582524271846,0.4144144144144144,0.24496062349800346,0.15133307978575072,0.08793094686968948,0.3993709475722479,0.2966507127089582,0.1407407357451305,0.2966507127089582,0,1.0,4.90909090909091,1.3214285714285714,0.8808227977629127
0.3953488372093023,0.45222929936305734,0.2692074369862302,0.17567403674443885,0.10750869520842338,0.31254583772598765,0.36065573271223395,0.12962962464034655,0.36065573271223395,1,1.1,0.5272727272727273,0.9643734643734644,0.9072039655865555
0.5698924731182796,0.5974025974025974,0.44624455081737313,0.33986080861682705,0.2518899407649583,0.5207908757888204,0.4880952331129535,0.35135134637123616,0.4880952331129535,1,0.9583333333333334,0.9039855072463769,1.1560838285893025,0.9639623239684108
0.43119266055045874,0.3517877654187775,0.24639232112047457,0.19008878444842786,0.15080733812745323,0.2943222560803919,0.42016806226219905,0.19078946877964867,0.3949579782285856,7,0.4166666666666667,16.76666666666667,1.8902654867256639,0.946683693953328
0.5508474576271186,0.5862068965517241,0.44204332236849214,0.34304152098065543,0.26291814128939334,0.5109449903599611,0.5168539275860232,0.31515151015224985,0.5018726541777834,9,1.5294117647058822,3.723981900452488,0.7055456171735242,0.9888168532711032
0.7628865979381443,0.6941747572815534,0.6427430560035086,0.5980640897253358,0.5527848189060511,0.8779281150051705,0.8249999950086806,0.6503496453616314,0.8166666616753473,12,1.9230769230769231,3.9907692307692297,0.6737106918238994,0.943640785843806
0.8461538461538461,0.75,0.701729465267237,0.6580660021906526,0.6108614517591185,0.8304912711941798,0.8088235244160901,0.712328762124226,0.8088235244160901,2,0.8181818181818182,2.929292929292929,1.3580246913580247,0.9747396725397911
0.5794392523364486,0.3307291666666667,0.2139315294755366,0.1469672806759684,0.09416192221343643,0.43060135548603495,0.36363635868486,0.1902017241325816,0.3560606011091024,1,0.95,10.310526315789472,2.041467304625199,0.8195702269686965
0.6794871794871795,0.6858638743455497,0.5668095605958984,0.4655511167430669,0.3805709780708015,0.7103077024126225,0.66666666166829,0.4676258942847161,0.66666666166829,2,1.2,1.1833333333333353,0.9307992202729044,0.9413499301512435
0.5285714285714286,0.625615763546798,0.48195755054237016,0.36555251329936445,0.2745975484226551,0.6432954557985573,0.5679012295720504,0.3428571378596121,0.5432098715473591,0,1.0,2.1999999999999993,1.1215469613259668,0.9851932103822972
0.30097087378640774,0.18030626356057888,0.08487699807083283,0.038480652357411764,0.011806344198727363,0.1559448226164662,0.2857142808956916,0.06037735373841262,0.22857142375283457,8,0.1111111111111111,112.88888888888889,5.323404255319149,0.9583685657769887
0.423728813559322,0.44274809160305345,0.3163618460593337,0.23435800628233822,0.16862559591699883,0.4432064333756412,0.46715327967393044,0.23008849057735328,0.46715327967393044,11,1.7333333333333334,3.856410256410257,0.7232241442767758,0.9574323523592043
0.40625,0.3103448275862069,0.20761369963434995,0.11716237698707499,0.057077429908064393,0.4147219967532467,0.31007751459888233,0.0699300651357038,0.31007751459888233,2,1.2,4.283333333333334,1.5491452991452992,0.9294998726873301
0.4666666666666667,0.4818819439533845,0.3442074028379993,0.2544449199536465,0.17813212198377182,0.412438229888609,0.4432132915149516,0.25196849903194557,0.42659279289999313,0,1.0,3.526315789473685,0.8133704735376044,0.9864014732069654
0.2845528455284553,0.42696983281176754,0.2646200301221115,0.1758358503229244,0.08779077965326218,0.33093573610012816,0.32258064016989113,0.11450381182302917,0.2949308705846377,2,0.8,1.3999999999999986,1.0795454545454544,0.9935924497303608
0.3697478991596639,0.452914798206278,0.33191635155345106,0.2628886959008613,0.19956533037883667,0.4423767780680487,0.38931297214119226,0.2522522472901731,0.38931297214119226,11,2.0,8.59090909090909,0.5412621359223301,0.8908545390972779
0.3841059602649007,0.33687002652519893,0.2007906658000584,0.12486150023885727,0.07358615067152302,0.34641429723047706,0.38124999500078127,0.1179138272427643,0.36249999500078134,23,2.210526315789474,4.12907268170426,0.6849301969783897,0.9229385129148047
0.26804123711340205,0.3997371911224062,0.24737232486866717,0.14334379064396535,0.08333313134532987,0.28679413273230314,0.30107526383165684,0.09777777281343236,0.29032257565961384,6,0.6,4.28888888888889,1.3697318007662835,0.9715973671428162
0.6805555555555556,0.6331658291457286,0.5182815897793868,0.44251583812816364,0.3773329262579461,0.6026334591513693,0.6010928911750127,0.3859649072807018,0.6010928911750127,4,0.6666666666666666,10.125,1.6864406779661016,0.9351039445912531
0.3643410852713178,0.4199475065616798,0.32740972293894255,0.2779111953934231,0.23304628740057814,0.5313290752103845,0.34716980645240303,0.19767441373715536,0.3396226366410823,24,2.8461538461538463,10.01039501039501,0.5070638820638821,0.949523078620867
0.5287356321839081,0.42924528301886794,0.2816721064186036,0.19945203269531014,0.13430700105742235,0.4291592715062384,0.4528301836810253,0.23188405297127718,0.43396225915272346,4,1.4444444444444444,1.3589743589743613,0.9230769230769229,0.8929826071859879
0.42452830188679247,0.5355191256830601,0.36790078528049414,0.27919683605755047,0.21391203610295956,0.42196343866724717,0.42290748400861655,0.23943661473046032,0.42290748400861655,3,1.2727272727272727,3.383116883116882,0.7943962115232834,0.9449510453057723
0.38345864661654133,0.39695198235503637,0.26304125946738305,0.18654696099080997,0.1326743549269195,0.30704042155816436,0.33333332844632413,0.12137202678343946,0.3202614330214875,6,1.375,5.215909090909092,0.7040618955512572,0.8897694918609386
0.39855072463768115,0.5019607843137255,0.36387769722730634,0.28370898021024693,0.22230502711576233,0.41666666666666663,0.41860464617211735,0.2269129237657773,0.39867109135484163,2,0.8823529411764706,2.8235294117647065,1.1991701244813278,0.9761633171752766
0.38095238095238093,0.612962328107235,0.4440342976520342,0.3425729277718154,0.2665346016776817,0.5716423261255141,0.5245901589559259,0.27906976245658316,0.5081967163329751,0,1.0,0.40000000000000036,0.9545454545454545,0.9584709100904131
0.5638297872340425,0.46381578947368424,0.32499448826849103,0.2503113003112259,0.19676237940905242,0.6766008147626864,0.45248868280010646,0.2595419797471011,0.45248868280010646,13,1.7222222222222223,0.08422939068100455,1.0086635944700462,0.7647406998432609
0.7064220183486238,0.7251908396946565,0.6455821749801502,0.5820308137985764,0.5178114365394608,0.6935664877860495,0.748427667957755,0.5418719161842074,0.748427667957755,1,0.9473684210526315,0.8187134502923978,1.0595998297147722,0.9804264914625787
0.5813953488372093,0.7169927909656663,0.6258225263474481,0.5546927854418818,0.4896546912451251,0.7288442803985526,0.6146788940842522,0.43678160419547574,0.6055045821576467,1,0.9411764705882353,0.3014705882352935,1.0278532608695652,0.9938213376893394
0.41379310344827586,0.6190476190476191,0.48755952017603527,0.4061225735200137,0.3322643982383582,0.5731410751028807,0.503597117308628,0.3095238045266441,0.503597117308628,0,1.0,0.5555555555555554,1.0413223140495869,0.9576058808545405
0.18232044198895028,0.12378877748743308,0.046934660754476,0.01626327800114523,0.005163679338738611,0.13101386904361256,0.2372881314068372,0.020356229956815065,0.2169491483559897,10,0.23076923076923078,25.48717948717949,1.9152854511970534,0.9331926988363282
0.625,0.5212121212121212,0.39462388653700725,0.3062319174891809,0.24480503911824483,0.6066478277546288,0.5856353541283844,0.3800904927499437,0.5856353541283844,3,1.3,0.29230769230769127,1.0235732009925558,0.9305506923519117
0.5,0.5545454545454546,0.4240096022472149,0.3444981722454617,0.2904258373432473,0.5134750147203141,0.43724695856939144,0.2474916338054385,0.42914979257748864,2,0.875,3.0892857142857135,1.2446958981612446,0.9278981948640194
0.6463414634146342,0.5870747846983537,0.477722402410538,0.39933416223609863,0.32716086310570136,0.5906454940613152,0.6124401864481126,0.4031007702614026,0.6124401864481126,0,1.0,3.6999999999999993,0.7989130434782609,0.9932772959657222
0.5952380952380952,0.6820809248554913,0.5667561455914417,0.48387586928715487,0.4091824307094065,0.6598327488535203,0.6237623712552692,0.4496123981055826,0.6237623712552692,3,1.25,2.466666666666667,0.8238095238095238,0.9883868338354611
0.7288135593220338,0.774201705314923,0.7109535779246424,0.6617367015938803,0.6116881885866896,0.776635642987473,0.6918238943807604,0.5699481815350749,0.6918238943807604,1,0.8888888888888888,0.7361111111111107,1.0494402985074627,0.9895754039653162
0.5057471264367817,0.6228571428571429,0.5146778289880849,0.43107848502619134,0.36478148622829304,0.5792452638768294,0.5572139253632336,0.4016064207209562,0.5572139253632336,5,1.3333333333333333,2.5166666666666675,0.7766272189349112,0.9432119035883162
0.007936507936507936,0.018701870187018705,0.0014351575987925859,0.0006569666561824155,0.0003978926586399134,0.028361695028361694,0.0,0.0,0.0,27,2.588235294117647,7.012032085561499,1.513812695924765,0.12610217935779633
0.5436893203883495,0.4394366197183099,0.3071519577298251,0.23913999925986784,0.1926179483453763,0.528175329446062,0.48484847986894763,0.2487804828392624,0.4579124529329207,7,1.4375,0.8097826086956523,1.0553697510219249,0.9059848348195936
0.3894736842105263,0.3282051282051282,0.20972900203723052,0.12476144247062282,0.0785058653936416,0.28925746584977857,0.32258064017923516,0.12781954389507624,0.32258064017923516,1,1.1,0.5272727272727273,1.0306553911205074,0.8941699287162335
0.71875,0.6693998091884223,0.5445599841569554,0.45354940355797363,0.3822783524135076,0.5950643078512395,0.6071428521541951,0.3582089502784585,0.5952380902494332,4,1.4,5.314285714285715,0.6699201419698314,0.9544695588010362
0.5934065934065934,0.6206896551724138,0.5101099896997823,0.4222461987634389,0.3567808006260247,0.5741132287024421,0.6530612194998752,0.4369230719288048,0.6204081582753854,2,1.1333333333333333,1.1803921568627462,0.9286053130929791,0.9825279207001767
0.2903225806451613,0.3620772038370253,0.20417023762982542,0.1259194040492978,0.07776174537769108,0.29404783151357294,0.2841530005183792,0.100840331177177,0.2841530005183792,3,1.3,4.469230769230769,0.7153356197942184,0.9729033025182183
0.7941176470588235,0.6590038314176245,0.49839116348710244,0.4061958100041202,0.33188898339572653,0.7865843802986661,0.6819923321706963,0.4037854839630209,0.6819923321706963,11,1.55,1.2306451612903224,0.8724720040113656,0.91885556112371
0.25333333333333335,0.27353628063012086,0.13169169378247353,0.0734198381136311,0.04450944403219585,0.1899897887002556,0.23529411288466381,0.07671232407791359,0.22837369765975035,2,0.9,1.2833333333333332,0.908004778972521,0.8429955495751397
0.7741935483870968,0.7860696517412935,0.7230050611219538,0.6736620069568205,0.6249791976207089,0.8617282448677941,0.7619047569052155,0.6287878737881658,0.7619047569052155,6,0.5714285714285714,11.982142857142858,1.9116847826086958,0.9916010928154161
0.37894736842105264,0.5366883784496859,0.3943572929014638,0.29897570567200826,0.21711605153676042,0.4218399611616681,0.43396225915494846,0.22900762859827528,0.4150943346266465,3,1.3,4.238461538461538,0.7605388961321166,0.9701799875781184
0.3090909090909091,0.26119402985074625,0.13987528684142084,0.0735594062084038,0.03432267424829662,0.33015523852372425,0.29203539334325324,0.07352940689554531,0.2743362782990055,4,1.4444444444444444,4.615384615384617,1.2884615384615385,0.8323946124180777
0.3625,0.41109209182146417,0.2828467063043703,0.19932296179017542,0.12474504885863852,0.33518477799051216,0.35897435405654177,0.14345991069735992,0.33846153354372127,1,0.9,1.4777777777777779,0.9058740268931351,0.9545453384811138
0.3389830508474576,0.24093089551746535,0.15581455573776729,0.10508640217088094,0.07022343767362699,0.2342913595766614,0.3333333284913581,0.13259668040581804,0.3037036988617285,7,0.5625,1.1041666666666679,0.945973496432212,0.9887298666634302
0.7342657342657343,0.7203947368421053,0.6357529909917661,0.5847668990543138,0.5399033449734089,0.8162987478186672,0.6589147236848748,0.45637583393180486,0.6511627857003786,2,0.8,12.5,1.4901960784313726,0.9816910633787769
0.6236559139784946,0.73,0.6151650946254061,0.5238412908758703,0.4372261111578457,0.6797434750277387,0.6416382202588266,0.45454544954660236,0.6348122816922737,7,1.7,10.352941176470587,0.6302521008403362,0.9852339780734898
0.37410071942446044,0.4742647058823529,0.3074132891132406,0.22711529964340088,0.17195888721129426,0.3220116979270618,0.3698630087382717,0.16155988363839524,0.3493150635327923,5,0.6666666666666666,9.933333333333334,1.5752895752895753,0.8622183180865238
0.3767123287671233,0.4597315436241611,0.31228002222990975,0.21302719983102184,0.14464891680258782,0.3678663993349308,0.42565597167744734,0.1756756706760816,0.40233235651709753,7,1.5384615384615385,4.946153846153846,0.7507751937984496,0.9542383286599067
0.5057471264367817,0.44467592419555985,0.3370408182113239,0.27074969446288366,0.20695586630504031,0.40369237505473193,0.4656084606701941,0.2710280325093895,0.45502645008818343,5,0.5833333333333334,3.4523809523809508,1.269016697588126,0.9842769929386089
0.3546099290780142,0.4717741935483871,0.28989782170423856,0.1896975716019189,0.1242642508002573,0.4135027122123594,0.4071428521469388,0.16111110611250015,0.38571428071836744,8,1.5714285714285714,3.7272727272727266,0.7515151515151516,0.953455473454406
0.23853211009174313,0.2338412701719924,0.107162961386411,0.04968911900450803,0.015435069351798258,0.16887610619469026,0.30150753286129145,0.05599999520000042,0.2613065278361658,9,0.3076923076923077,16.865384615384613,2.1724598930481283,0.9552594728589596
0.32608695652173914,0.20797818052985012,0.12782748308534492,0.08671238808188024,0.05989847256867156,0.2057234823362957,0.32575757115042475,0.12063491619047635,0.3106060559989096,2,1.1538461538461537,11.174358974358974,0.44974747474747473,0.968755898958864
0.6739130434782609,0.6767676767676768,0.5742781696093213,0.5028317437881081,0.4405644152498466,0.6895178848098391,0.6431372499081892,0.5095541351282,0.6352941126532873,4,1.2857142857142858,2.571428571428571,0.8105263157894737,0.9795104678709691
0.5652173913043478,0.6410591358595615,0.5158643482303201,0.4350870843519634,0.36558147034435284,0.528865535838453,0.5468164744210187,0.3502824808950174,0.5393258377168989,1,1.0833333333333333,2.0576923076923066,0.8958130477117819,0.9403687535756913
0.6774193548387096,0.6650484899754862,0.6079779072399614,0.5568286366342117,0.5060796978972317,0.6746151037116693,0.6696035192454735,0.49689440494733994,0.6696035192454735,1,0.95,0.534210526315789,0.961428842865286,0.9919251994999896
0.52,0.5538461538461539,0.41137667560372115,0.3244469735181025,0.24982521517378578,0.5344034509671316,0.5247813361130141,0.3221476460109405,0.5189504323229267,5,1.263157894736842,1.4057017543859658,0.905956572769953,0.9533087928107724
0.686046511627907,0.5,0.3958742450708909,0.3163000099309959,0.24639212224168394,0.6546150020010206,0.6027397210358417,0.33691755773846693,0.5936073009445175,1,1.0833333333333333,2.6217948717948723,1.2029776674937966,0.8824322691259338
0.5595238095238095,0.6190476190476191,0.5249794205887962,0.4409423849728307,0.3602476733548272,0.7512987698784316,0.6310160377843234,0.48148147648533957,0.6310160377843234,0,1.0,1.5714285714285712,1.176,0.9844759742179627
0.4444444444444444,0.5670878327581016,0.40751423338734205,0.3018656851084551,0.22333081355588094,0.4735875736023467,0.5279999950115201,0.2574257375865112,0.51999999501152,0,1.0,1.333333333333334,0.9179487179487179,0.979287227086254
0.45977011494252873,0.5066324618193422,0.34636446324758513,0.2649501085769442,0.20044384452839326,0.3776995942501168,0.4508670470513549,0.19626167727094082,0.4277456597681179,3,0.7,4.828571428571427,1.3550420168067225,0.9550289320074321
0.504424778761062,0.43231441048034935,0.2684257844297468,0.16335663012795473,0.0977477750144297,0.434588969955676,0.3716814109483907,0.09665427012340928,0.345132738382019,4,0.8,5.0625,1.5472972972972974,0.8618766253989509
0.47115384615384615,0.532608695652174,0.38147280577298015,0.2920064343583334,0.22689875541761434,0.4980598117216267,0.512315265938994,0.23293172190771128,0.4827586156926886,8,1.6666666666666667,3.5500000000000007,0.7215686274509804,0.9289623674326638
0.40350877192982454,0.431438127090301,0.32509669845697303,0.25555170933872096,0.19549619494666629,0.5105824508747482,0.4529914480736358,0.22666666175555567,0.4358974309796187,1,1.0909090909090908,8.098484848484851,1.4815315315315318,0.9622674401169029
0.6486486486486487,0.6822429906542056,0.5631153121795833,0.4703610480385605,0.37721038439428606,0.7152356287934086,0.6722689025633783,0.43113771955089825,0.647058818529765,2,1.1666666666666667,1.6309523809523814,0.9035890218156227,0.9869696844179608
0.24719101123595505,0.25663716814159293,0.12798865511765126,0.07230947606936888,0.04198192735422316,0.30640394364613777,0.2621951169988103,0.08676789101801732,0.2621951169988103,2,0.9,15.93888888888889,2.0316432937792164,0.7825226943532086
0.6666666666666666,0.6601204312516789,0.5584451091877191,0.4832106192574684,0.41198636797946575,0.6494731221752155,0.5993485292109201,0.4426666616769423,0.5732898972890961,0,1.0,0.913043478260871,0.9166666666666665,0.9879377043020392
0.5913978494623656,0.6746987951807228,0.5755134856626972,0.49279852706518246,0.4168110368101805,0.6032317066842041,0.6133333283413333,0.40926640426827265,0.5955555505635556,5,1.4545454545454546,4.715909090909092,0.6875,0.9811908796064445
0.6666666666666666,0.6708074534161491,0.5300005859600652,0.4429665661387986,0.36754004203125057,0.7517666219891668,0.673170726708388,0.4083333283336806,0.643902434025461,2,1.1428571428571428,0.4375,0.9583333333333334,0.9638338412062752
0.23529411764705882,0.1795995785415584,0.10457253037509752,0.07234307280404015,0.0484519487656816,0.12873767085075077,0.22499999541328133,0.06356967760379274,0.19374999541328133,11,0.35294117647058826,12.068627450980394,1.5545045045045045,0.9691409600593244
0.224,0.16227496377108605,0.05216029541348134,0.010900409860023129,0.004701799657083148,0.1314713819850209,0.20425531442281586,0.013605437547088437,0.17872339952919888,8,0.38461538461538464,10.938461538461539,1.6644859813084112,0.8903404183186695
0.3660130718954248,0.3951367781155015,0.24542669976314987,0.15471638979454327,0.08095113897836907,0.3574139762383842,0.2648083573766831,0.09742119844533322,0.25783971626170044,8,1.5714285714285714,2.9025974025974026,0.8374545454545455,0.9229501194234258
0.32857142857142857,0.3801355392096665,0.3026259161935813,0.24914427475924947,0.19631001313315444,0.32633480361268646,0.3230769181349113,0.11538461043721257,0.30769230275029597,9,0.18181818181818182,43.72727272727273,5.256637168141593,0.925541490667104
0.53125,0.6059747987801607,0.4862454090367134,0.40148469402382986,0.32977069738032005,0.5049497804078261,0.5644171729158042,0.3592232959784146,0.5644171729158042,2,0.7777777777777778,2.174603174603174,1.14390756302521,0.9858559047665463
0.29365079365079366,0.3497267759562842,0.2008807843807302,0.1333231024854651,0.09284729174345215,0.2685956716584244,0.275862064019025,0.086330930289064,0.2672413743638526,3,1.25,2.966666666666667,0.8043956043956044,0.913233021631621
0.725,0.7077231088232155,0.5854130536440106,0.49339500937630587,0.4158982520642977,0.6765463917525774,0.6752136702370517,0.45818181320092566,0.6581196531430346,0,1.0,1.0,0.9204545454545454,0.9958245264301809
0.0,0.07291666666666669,0.006178694463275076,0.0028840524002148905,0.0018056954705464225,0.04065040650406504,0.0,0.0,0.0,8,0.3333333333333333,33.833333333333336,3.388235294117647,0.02368772687547847
0.5537190082644629,0.5700245700245701,0.49850601652161486,0.4520818063737842,0.4070818284968325,0.633865454388558,0.5185185135185753,0.35835350589591314,0.505050500050562,11,1.5238095238095237,2.28125,0.8479166666666667,0.910745878501073
0.5393258426966292,0.6162162162162163,0.4841798036434082,0.39562874253921054,0.32324042194827035,0.5423812852099152,0.5436893153902348,0.36101082532653883,0.5242718396620795,2,0.8461538461538461,3.2797202797202782,1.2422520661157024,0.9732125067950084
0.3472222222222222,0.3424657534246575,0.22755606650760943,0.1631012173311077,0.11876383604749088,0.37768385412296085,0.37192981958362575,0.15598885295582765,0.37192981958362575,3,1.25,2.883333333333333,1.1738693467336683,0.8976835688710585
0.1527777777777778,0.151120618172371,0.013333760255375715,0.006271832558164213,0.003996974990525991,0.08158508158508158,0.13559321534472868,0.0,0.11864406280235584,9,0.1,75.4,9.767441860465116,0.8911278450920715
0.651685393258427,0.6157894736842106,0.5137214950107599,0.4395308677642023,0.37148742878849683,0.6330012590494178,0.6346153796227811,0.4503816743998018,0.6153846103920119,2,1.1428571428571428,0.625,0.95,0.9498667099652774
0.5057471264367817,0.40476190476190477,0.31734257708764363,0.2553626678088131,0.19569180417617527,0.6182991409748682,0.47191010743592976,0.27751195681875424,0.47191010743592976,4,1.3636363636363635,3.9090909090909083,1.3873873873873872,0.8273242276727865
0.5193798449612403,0.5800497617880631,0.4409652964123631,0.3511310788766465,0.2794995819509069,0.621248605273725,0.5387205337618611,0.32085561000543344,0.518518513559841,0,1.0,1.5,0.892,0.974583971806483
0.75,0.7218543046357616,0.6281828448264217,0.5479541046102245,0.4784359530315852,0.7434188902500971,0.787878782880441,0.5523809473809526,0.787878782880441,7,1.7777777777777777,5.5625,0.6291666666666667,0.9779335258953631
0.296,0.2736270101967429,0.14880220181395798,0.07840842604254843,0.0368434237336514,0.20015445322500455,0.32258064026664945,0.08562690642725575,0.2983870918795526,8,0.5294117647058824,6.274509803921568,1.4463040446304043,0.9235810168117256
0.5405405405405406,0.59309024974955,0.45285653969447015,0.3658243940040801,0.296018855389488,0.5762053351589618,0.5988023902111945,0.35849056105954086,0.5988023902111945,1,1.125,3.5972222222222214,0.7929656274980016,0.976643978204311
0.6518987341772152,0.5229357798165137,0.3782274381087531,0.28828878179590645,0.22719518349872073,0.48108128098371217,0.4602739676045787,0.19917011948210273,0.44931506349498973,11,0.3125,64.075,3.770810810810811,0.968082378182874
0.3302752293577982,0.3392857142857143,0.2307620442712215,0.1771705332563126,0.13757019781094504,0.3974082181919534,0.3856502192515434,0.19780219285110506,0.3677129995206017,13,2.3,4.86086956521739,0.6670637284097678,0.9213417157682204
0.38202247191011235,0.2843601895734597,0.17647722583664435,0.11273694831688988,0.06631822133664414,0.37876146355805285,0.3295454496907284,0.15999999507200013,0.318181813327092,5,1.5,1.7666666666666657,1.1436314363143631,0.7356266731156909
0.3925233644859813,0.29317269076305214,0.16126764965657134,0.09669653020607381,0.056613293855250706,0.32662326609948394,0.32407406908479086,0.09701492038009606,0.32407406908479086,2,1.2222222222222223,5.969696969696969,1.3581818181818182,0.804843599015297
0.6515151515151515,0.6824324324324325,0.553532505793168,0.4521500815036474,0.3665286807090059,0.6725062124996942,0.6111111061117284,0.3913043428294896,0.566666661667284,0,1.0,0.5,1.0422535211267605,0.9945935008911051
0.3333333333333333,0.32052313641937064,0.20990110918676416,0.1441581475204653,0.10015083504528775,0.22289243997332361,0.27027026534422943,0.10185184702331984,0.24324323831720243,11,0.3888888888888889,20.103174603174605,2.080170575692964,0.884439495815827
0.4125,0.3742690058479532,0.252677441084253,0.1926332200725561,0.1418411895185543,0.4466977029852005,0.291390723592825,0.11834319048072565,0.291390723592825,6,1.5454545454545454,1.0588235294117645,1.1176470588235294,0.9608467818811791
0.2702702702702703,0.39370595874652436,0.16317406995848283,0.07880949285169528,0.025010052086166717,0.24326936878191804,0.26277371763439716,0.05095540907136241,0.26277371763439716,0,1.0,1.2857142857142865,0.9243697478991596,0.9625258552556409
0.4444444444444444,0.5362318840579711,0.35390852347978696,0.24339427032328978,0.15741204798180236,0.558547909840135,0.4578313203273334,0.17391303851606818,0.4216867420140804,3,1.3,0.2846153846153854,0.9738884968242766,0.9842091487582653
0.37349397590361444,0.35754189944134074,0.2413528709917261,0.1733123724595336,0.12239116328377038,0.5006294736047207,0.4046242725450233,0.17801046633590098,0.39306357890340476,1,1.0909090909090908,5.643939393939393,1.608660130718954,0.9242468895000888
0.48672566371681414,0.4,0.26270531876428055,0.18077156317819668,0.11231299347009717,0.44021738140638633,0.3196721261475411,0.12698412199546508,0.3196721261475411,0,1.0,7.600000000000001,1.3636363636363638,0.8669267310386891
0.4714285714285714,0.5236363636363637,0.363131700239247,0.26259623760761325,0.1815670549561346,0.46291286912451773,0.4903225756484912,0.2373737323769259,0.44516128532591054,2,1.1111111111111112,0.4166666666666661,1.03125,0.9457959647091421
0.3644859813084112,0.35632625059674033,0.2346552491613552,0.15144545561579917,0.0842346846033395,0.31337861097179137,0.3174603125948322,0.11764705404420613,0.29629629143081104,7,0.3,27.233333333333334,2.425828970331588,0.9226785315129794
0.5934065934065934,0.5515463917525774,0.39283416292083856,0.29569096731429384,0.23145526767947144,0.5039967978652933,0.5357142807158801,0.257352936176741,0.4999999950015945,4,1.4444444444444444,4.188034188034187,0.7808586762075135,0.952460529047981
0.2578125,0.18751851410300205,0.11375935960612786,0.08194306752810432,0.05566050952243637,0.17737626183798824,0.3020408114532279,0.1137123698182349,0.29387754614710543,12,0.29411764705882354,13.976470588235294,2.011063829787234,0.9719080782599304
0.4298245614035088,0.5164247858550347,0.3955261593010589,0.30403798523009956,0.23232636537154566,0.44608418991678905,0.49781658894605374,0.2620689606030916,0.49781658894605374,9,1.75,8.678571428571429,0.4968944099378882,0.9609186324836536
0.3951612903225806,0.4141946700720737,0.27730319768108813,0.19791733772746253,0.1467805067459651,0.3267995215474325,0.41176470107942265,0.20728290828394114,0.41176470107942265,9,0.35714285714285715,25.642857142857142,2.2596491228070175,0.9108814365444404
0.18333333333333332,0.18724034281279162,0.07923717684591926,0.03071082870783742,0.01030525150839261,0.14653621427522845,0.19999999518050013,0.008163260576762423,0.1899999951805001,3,0.8125,2.8365384615384617,0.787922358015816,0.9310270428417535
0.25,0.20283891095545462,0.12003133106302119,0.07415250563054088,0.04906560020348611,0.19702220510845847,0.24444444002496582,0.08383233091182928,0.22962962521015093,3,0.7,5.914285714285715,0.782563025210084,0.9680808953638179
0.4883720930232558,0.4020618556701031,0.24151649509488268,0.1523754730901954,0.09146457461776082,0.41698794157608693,0.42211054776697565,0.16460904850209163,0.41206029651069426,8,1.7272727272727273,2.698564593301434,0.7909562638991847,0.9209623237329178
0.7093023255813954,0.6825396825396826,0.5555133384837552,0.46620888573050295,0.39120967760778275,0.7232297063903284,0.6222222172270617,0.3999999950005951,0.6222222172270617,0,1.0,1.5454545454545467,1.0988372093023258,0.987786670253708
0.28378378378378377,0.36969374680204653,0.24834626114218428,0.16753927836314786,0.10410384250097916,0.2696960127109433,0.3316582866695286,0.11594202425435851,0.3316582866695286,4,0.7333333333333333,0.8060606060606066,0.9445371142618849,0.9593485716071245
0.5454545454545454,0.656084656084656,0.5047338665404489,0.3979913321658004,0.3153377956565239,0.6434055349235971,0.6188340757296548,0.3071160998807671,0.5829596362677714,6,1.375,2.9090909090909083,0.7470355731225297,0.9580914384047241
0.24060150375939848,0.3423913043478261,0.2074434546695699,0.12628447516828276,0.0568571221926958,0.2561564671488154,0.32231404458814295,0.1144781094849734,0.31404958177822556,2,0.8461538461538461,2.65034965034965,1.1882762046696473,0.9759066667182867
0.0480225988700565,0.1431980906921241,0.04896993108374338,0.023444904373803657,0.00725128373483745,0.08846129032258065,0.06222221724158065,0.02416917929021379,0.06222221724158065,1,0.9285714285714286,4.8021978021978065,1.1750801282051284,0.04931732199309779
0.36363636363636365,0.43209876543209874,0.2507489831587261,0.16041512722618492,0.09606415637127687,0.35250702110068943,0.3205128155869905,0.12690354835102705,0.30769230276647774,0,1.0,1.9333333333333336,1.0983050847457627,0.8661481049681868
0.4603174603174603,0.42911877394636017,0.32972878449741255,0.26031697054862357,0.20197590100876164,0.4456435706802369,0.45833332835286456,0.2483660080783567,0.4479166616861979,23,2.4375,12.177884615384615,0.5236035358284747,0.8767651155485187
0.4166666666666667,0.3295880149812733,0.20525055758409969,0.13324741162588288,0.07620381769035574,0.3746977041680265,0.36681222208577263,0.12765956946909127,0.3493449731774757,5,0.4444444444444444,47.30555555555556,3.4328571428571433,0.7545505632118558
0.3627450980392157,0.40804597701149425,0.26600642469472774,0.19057415814548173,0.13246996333027344,0.38244512294761107,0.36363635863647814,0.16470587735486367,0.36363635863647814,2,1.2,1.4000000000000004,0.9119496855345912,0.9398864035395146
0.7631578947368421,0.7453703703703703,0.6341555929792029,0.5416371835742448,0.45783280202104504,0.8513963466573892,0.7394957933249773,0.5559105381334912,0.7226890706359015,2,1.1666666666666667,0.4047619047619051,0.9744360902255639,0.9845769543790749
0.68,0.7514082171961607,0.6714575068082936,0.6045953531654085,0.5396952922930655,0.7461545492001742,0.6527777728250386,0.5164835115131023,0.6249999950472608,0,1.0,0.8333333333333321,0.9253731343283583,0.9826038572129773
0.384,0.3062730627306273,0.17821798716696033,0.1080960340272382,0.05448306077371852,0.3605278183588863,0.29959513670442073,0.07586206396932257,0.2834008047206151,4,1.3636363636363635,2.248484848484848,1.1421455938697318,0.7802359339466919
0.2389937106918239,0.321285140562249,0.16882269154029378,0.09966301982136841,0.044012890530431316,0.35207078892818555,0.27611939798758084,0.08928570928730895,0.26865671142041664,11,1.8461538461538463,4.701923076923077,0.6881377551020408,0.8737794110985188
0.42142857142857143,0.3378016085790885,0.21520109398789009,0.14897183455257973,0.0981434911094889,0.3799174616485042,0.39873417226646374,0.14962593019595666,0.3734177165702612,11,1.9166666666666667,2.2826086956521756,0.8766157461809635,0.8156024091398617
0.5609756097560976,0.639762150091955,0.4746044232660798,0.34953775123680697,0.25663437865746985,0.5390078322324011,0.5555555505654322,0.27450979893886973,0.5555555505654322,1,0.9,0.5444444444444443,1.0611735330836454,0.9523234919002912
0.3867924528301887,0.45064377682403434,0.3147442353695884,0.23774434662361357,0.1781321781190064,0.42714039263484027,0.45849801871549317,0.22653721183272074,0.44268774203565125,5,1.2777777777777777,0.8140096618357493,0.9256234826749061,0.8674548218297521
0.28169014084507044,0.25649279425825167,0.153470524950104,0.10963108150789778,0.07877242336828878,0.23745301929947335,0.2031249951614381,0.07284767731656538,0.2031249951614381,8,0.5294117647058824,6.052287581699346,1.4634634634634636,0.9514684711785149
0.6854838709677419,0.631578947368421,0.5212466913156832,0.4331728503564208,0.3520845452237874,0.6888499258135509,0.6603773534923462,0.42892767579828484,0.6415094289640443,0,1.0,1.0,1.0725806451612903,0.9632796758844077
0.34074074074074073,0.35365853658536583,0.23726918259113716,0.17224753085385738,0.11883010086032264,0.38221827530398245,0.38759689424403587,0.14379084469456208,0.38759689424403587,9,1.8181818181818181,3.7909090909090892,0.764406779661017,0.8870358934922528
0.3448275862068966,0.29809262376079265,0.18012479917217072,0.1246556591876335,0.08995274329333827,0.2670052328909644,0.33720929747769074,0.12727272251074398,0.33720929747769074,10,0.5652173913043478,1.0869565217391308,1.1219512195121952,0.9161995526590524
0.631578947368421,0.7433810390174701,0.6247530070015455,0.5394684678379246,0.4618699198702752,0.7562909895510418,0.6716417860548007,0.4900662201710452,0.6567164129204723,2,0.8,1.6999999999999993,1.173469387755102,0.9903473698023975
0.46,0.5145631067961165,0.4141509816464347,0.34298005945527393,0.2719336625385133,0.5959591544818819,0.4814814765655007,0.33333332837868485,0.4814814765655007,0,1.0,2.200000000000001,1.271604938271605,0.9678257633158955
0.7671232876712328,0.8344827586206897,0.7650470148075217,0.7030487403629698,0.6393226061849118,0.869211932043758,0.8415841534158416,0.7325102830659284,0.8415841534158416,0,1.0,0.5384615384615383,1.0507246376811594,0.9907729854144185
0.31313131313131315,0.3165137614678899,0.17501532508046716,0.10667930311133246,0.06307653050738268,0.3196084917724372,0.30693068813988833,0.1052631529839862,0.30693068813988833,10,1.7692307692307692,0.8294314381270915,0.9195327709279687,0.8870414807747466
0.4803921568627451,0.43103448275862066,0.2910532241197138,0.21768941118394244,0.16851733242444514,0.46215953680992783,0.3513513463517572,0.15966386054621864,0.3513513463517572,0,1.0,1.3076923076923084,1.10828025477707,0.9824388069332564
0.2767857142857143,0.21439574927889088,0.11636445877293017,0.07229742459164747,0.04115510784811965,0.1845812842296464,0.30917873917711036,0.09333332874422243,0.2995169034283181,1,1.0588235294117647,8.741830065359476,0.4962335216572505,0.973029423698165
0.3958333333333333,0.38686131386861317,0.25807459630779545,0.17837895515591723,0.11565232745037224,0.2968149606335367,0.34507041755529666,0.11634348530781707,0.34507041755529666,11,2.0,8.272727272727272,0.6008771929824562,0.903469218857647
0.37967914438502676,0.3973684210526316,0.22198621144676964,0.13803574194042445,0.08514626638196661,0.296138260428313,0.32345012985810917,0.07578946877216651,0.32345012985810917,8,1.4,3.3285714285714274,0.8030431107354185,0.7737686214765886
0.3219178082191781,0.24087420462084744,0.14009546815621787,0.08563206635279896,0.051477984050451155,0.22267376681614345,0.25806451143484804,0.041176466003633734,0.250896052653486,6,0.5,3.333333333333332,1.1142857142857143,0.9269960622840251
0.27358490566037735,0.25502611043018625,0.12987928682606453,0.06558646115954524,0.038004997286926925,0.1759165157064339,0.2718446555127722,0.07326006865783818,0.2427184419205392,11,0.35294117647058826,10.69607843137255,1.7940320232896654,0.9560972179903906
0.64,0.6213991769547325,0.5041911881506401,0.410853161429358,0.3316291226027274,0.592586186970037,0.5439330494130006,0.3559870500392749,0.5355648485761805,11,2.0,10.863636363636365,0.504149377593361,0.9474691334089078
0.5679012345679012,0.6137926074636477,0.4763685733722343,0.37452063770338606,0.29179563216348836,0.587912094445535,0.5899999950845,0.3598326310568793,0.5699999950845,4,1.3333333333333333,4.916666666666666,0.6402439024390244,0.9855102401142866
0.25213675213675213,0.10582577254070798,0.05983642407509201,0.034636020514080955,0.020903261609311524,0.13993736230096893,0.2830188639285556,0.08333332935209319,0.20754716581534802,9,0.1,160.1,4.208416833667335,0.8945602498070527
0.6545454545454545,0.6693548387096774,0.5319579695856781,0.4324822915435379,0.34604115990422546,0.6952114976065313,0.6746987901923357,0.41269840771534955,0.6626505974212513,0,1.0,1.0,1.0973451327433628,0.9938452920939215
0.631578947368421,0.6219512195121951,0.49416768998057653,0.39905778414081,0.30981377624840556,0.6023822151446608,0.5748502944314963,0.35748791771943333,0.5628742465273047,3,0.7,7.528571428571427,1.4734950584007187,0.9561286826729045
0.5081967213114754,0.4166666666666667,0.2856310234989918,0.21278254002744762,0.15979228953302888,0.5385195350264441,0.5161290273218002,0.2571428521795919,0.49999999506373566,0,1.0,5.700000000000001,1.6551724137931036,0.8236299539455092
0.6615384615384615,0.5939849624060151,0.5064518797413101,0.445281917679946,0.39301056561912256,0.7936339507573272,0.6535947662779275,0.49999999507469145,0.6405228708530908,4,1.3636363636363635,0.0484848484848488,1.0054982817869416,0.9693851744993811
0.3870967741935484,0.5346547215485336,0.39572245212514756,0.31021943123644175,0.23537250041007585,0.46848103468435515,0.49677418859521344,0.2770780807009753,0.47741934988553597,2,1.1538461538461537,4.9179487179487165,0.7587421383647799,0.9793947299243109
0.22972972972972974,0.3834746742943393,0.14866266883014836,0.08396911096564982,0.04636066073462949,0.25254590570719604,0.3333333284222223,0.0685714236186126,0.30666666175555557,9,0.25,26.833333333333336,3.639344262295082,0.9487172985292305
0.5394736842105263,0.6062436572301892,0.4712684559889804,0.3823531691984818,0.29960327032565826,0.5621644141023258,0.6161137391163721,0.3562752987034701,0.5971563931448082,2,0.8666666666666667,0.4871794871794872,0.9570135746606335,0.9805394229139136
0.25882352941176473,0.2803030303030303,0.10343398350089662,0.02099309346078245,0.008937135854194918,0.18437023264683444,0.20359280942307015,0.02999999504050082,0.19161676151887852,6,0.5,11.083333333333334,2.0152671755725193,0.9082204901012502
0.5375,0.48695652173913045,0.38581256916134593,0.30518428881110576,0.24328191858377854,0.543302532732229,0.5654450212011732,0.3218390754809824,0.5340314086357283,11,2.1,5.747619047619047,0.6558311947533505,0.8607464911918378
0.532608695652174,0.604279150668643,0.4596756215699015,0.3724782842536694,0.2876803003050942,0.5816730380176642,0.5617021226995021,0.33561643338454683,0.5531914844016298,3,1.2727272727272727,4.90909090909091,0.7096774193548386,0.9825412852257616
0.7878787878787878,0.7080745341614907,0.5912797994538931,0.5096869575578642,0.4408445021484417,0.7092247921854191,0.696969691969697,0.4773662501441176,0.6767676717676769,3,1.25,2.2666666666666675,0.8256410256410256,0.9810149731589036
0.4594594594594595,0.32142857142857145,0.21863713728961465,0.15026039657350204,0.09989548438768445,0.5158668779448294,0.35151514676657486,0.1497326155383341,0.33939393464536277,5,1.4545454545454546,3.5227272727272734,1.4036458333333335,0.8479457742038705
0.46846846846846846,0.6083114373056485,0.48102469771682027,0.40559171519211057,0.34693287996655536,0.5739598091302637,0.5690376519059541,0.3558718811261256,0.5523012502323139,1,0.9166666666666666,0.3712121212121211,1.0263582571274878,0.9852158985448733
0.5238095238095238,0.6424581005586593,0.5133030367458231,0.4243025616047553,0.35367826004862146,0.6184940688726058,0.6278026855878864,0.4468864418870507,0.6278026855878864,1,1.0588235294117647,0.12091503267973813,1.0123087159015303,0.9913548232834817
0.1875,0.18018397740961772,0.055921033229113355,0.014572692796853744,0.00702629869625403,0.12604701627486442,0.21917807728560718,0.02395209088744767,0.20547944714862088,8,0.2,33.2,3.9380530973451324,0.950051919766296
0.5894039735099338,0.4738292011019284,0.356321881405277,0.28144757701978995,0.21370677502428476,0.5416044573281822,0.5434173619515258,0.2869955106951678,0.5210083983660917,12,1.7058823529411764,3.600405679513184,0.7766171658696199,0.9393197110407782
0.3389830508474576,0.41379310344827586,0.25010022048909286,0.11624838880834616,0.03638228598010932,0.34215926523618834,0.34426229009406084,0.09090908590909119,0.34426229009406084,1,1.1,0.2909090909090901,0.9645232815964524,0.9564871365988036
0.3181818181818182,0.42272727272727273,0.2672445999720046,0.15621719757588715,0.09545882508910833,0.3697014523289048,0.4347826037293752,0.16923076424526642,0.40579709648299844,2,0.8666666666666667,5.656410256410256,1.5020482476103778,0.9206456618512624
0.6363636363636364,0.6597938144329897,0.5515951878100577,0.4600129061888485,0.3847047663322137,0.6998698941838593,0.7102803688357062,0.47058823029438795,0.7102803688357062,3,1.2727272727272727,1.6883116883116873,0.8913951545530493,0.9566323897365104
0.6559139784946236,0.6331877729257642,0.471350345703708,0.3718917575952449,0.2876545900484634,0.5874202172096908,0.5321100867637405,0.30322580145910516,0.5321100867637405,10,1.7142857142857142,5.529761904761905,0.6330963665086887,0.9785289123106795
0.45121951219512196,0.415929203539823,0.28193739062432827,0.19854149481284872,0.1443706059841801,0.4375763829747555,0.5099999950080001,0.21011672651940236,0.48999999500799996,3,1.2727272727272727,1.5064935064935057,1.1029281277728482,0.8790596963974706
0.5636363636363636,0.6658773186686562,0.5568905313088314,0.4767122553440673,0.4068743426242865,0.5788663327515821,0.6206896501727305,0.41525423229711295,0.6153846103849322,1,0.9333333333333333,0.4142857142857146,1.020923520923521,0.9930159408083751
0.5528455284552846,0.5968113235561944,0.4942149950728958,0.4237126566735176,0.36533327972377644,0.5321720452480103,0.5656565606593433,0.40409206663169395,0.5521885471913297,2,1.1333333333333333,3.8470588235294105,0.7886231415643181,0.9828483512120172
0.2727272727272727,0.39215686274509803,0.21532155706148198,0.14678210514705917,0.09714725861140135,0.2570999357372504,0.32773108743838714,0.10289388567653378,0.32773108743838714,6,1.5,4.083333333333332,0.7351351351351352,0.9350560270001321
0.4126984126984127,0.4508670520231214,0.33961460963227447,0.26985125024420525,0.21710955195147036,0.4922849022532476,0.4459459409687728,0.239130429820416,0.43243242745525934,5,1.5555555555555556,1.9761904761904763,0.8621262458471761,0.8403765895522993
0.336283185840708,0.45443110855912705,0.2827280558721269,0.17602990695775944,0.0745085431350447,0.36714097508844334,0.3660714235857782,0.13483145568993832,0.3482142807286352,3,1.3,5.023076923076925,0.7062528115159693,0.9630034825348504
0.6447368421052632,0.679144385026738,0.5700587135737828,0.4886542335072839,0.4110363244764706,0.5845317611777536,0.6124401864014104,0.3828124950012208,0.6124401864014104,3,1.2307692307692308,2.3894230769230766,0.83025956284153,0.9827500399272996
0.4177215189873418,0.43266381747925314,0.2735460820739877,0.20483827103341873,0.16221276137005305,0.34867445869018004,0.4508670470313074,0.19819819319860413,0.41618496610645206,4,0.6923076923076923,4.589743589743591,1.3800424628450108,0.9561970309077914
0.4533333333333333,0.5905511811023622,0.448929067711727,0.3554733420655881,0.27376433889150015,0.5691602512155591,0.5060240913855423,0.2912621309265718,0.49397589861445784,1,1.1428571428571428,1.696428571428573,0.9034552845528454,0.9701221071724815
0.6781609195402298,0.6628352490421456,0.5173813544759108,0.40809904619096105,0.3120835975880644,0.6523090522591163,0.5993031308900195,0.37726097691217814,0.571428566430089,0,1.0,0.882352941176471,1.0609756097560976,0.9520354285523803
0.594059405940594,0.6262753752089838,0.543503866359736,0.47667046883268316,0.4214285506524873,0.6249577720906392,0.6402877647852079,0.4705882302972954,0.6330935201808913,4,1.3333333333333333,6.25,0.7058823529411765,0.9816345765142276
0.5581395348837209,0.5348837209302325,0.40369838211334236,0.3126889857901083,0.23930342027061505,0.5257372781514841,0.5689655122473247,0.2692307642381657,0.5689655122473247,6,0.45454545454545453,16.254545454545458,2.702857142857143,0.9482990622918739
0.7236842105263158,0.6530612244897959,0.5515120142092692,0.4782698485299648,0.4151952793606524,0.6604079063456111,0.6376811544260077,0.45689654673342744,0.6183574829284231,4,1.4,3.6999999999999993,0.7394366197183099,0.9744326050086558
0.4909090909090909,0.6938775510204082,0.5668729411562957,0.45596642304551904,0.3517037196515839,0.61609983185374,0.5960264850671025,0.3604060863706873,0.5827814519545196,4,1.3636363636363635,5.575757575757578,0.7455048409405255,0.9902310280106239
0.37037037037037035,0.3104717746199945,0.2155417326380352,0.15906397247455684,0.12055462952421164,0.2743936682725396,0.28735631684964996,0.12962962467249675,0.2758620639760867,8,0.3333333333333333,20.25,2.6530612244897958,0.9348106246380479
0.49473684210526314,0.5399510782362581,0.3798772903219078,0.2686694199879377,0.18872822659322655,0.4580781237730309,0.5203251982996233,0.2236024795492073,0.4878048730963712,1,0.9090909090909091,2.672727272727272,0.8743589743589744,0.9882726937434609
0.26277372262773724,0.1670848002642742,0.08690724234111324,0.05097196368919811,0.014138044516613508,0.1391951819075713,0.17959183195135375,0.04719763543234094,0.17959183195135375,7,0.5333333333333333,6.350000000000001,1.3273195876288661,0.8626033830692464
0.6631578947368421,0.7150537634408602,0.6154553085722415,0.542186011352333,0.47590716515426384,0.7090536514930491,0.6153846103896317,0.5017182080598954,0.5972850628783195,2,1.2222222222222223,3.646464646464647,0.8226044226044226,0.995794307931032
0.30701754385964913,0.4046511627906977,0.27501951087649623,0.18873592374788223,0.12053010165855788,0.3051447201017811,0.3333333283567098,0.15841583668485676,0.3247863198097013,6,1.5,5.472222222222223,0.6858054226475279,0.9017438436239864
0.5,0.4998322565670362,0.3583359743250469,0.27249837260007936,0.18752687352500375,0.5093518695255669,0.4358974309105852,0.22471909615452604,0.384615379628534,2,0.8,1.0749999999999993,1.0951327433628317,0.9836366718347822
0.46153846153846156,0.48728679683074566,0.3873922286967602,0.3160645617424052,0.24943563742525945,0.45294552247128356,0.5666666616888889,0.3013698580474761,0.5333333283555556,13,0.2777777777777778,11.777777777777779,2.892857142857143,0.9172431560308079
0.3443708609271523,0.20931891359299212,0.12276975374574939,0.07089040931912799,0.04656709639681436,0.19555674797286815,0.32167831687001813,0.07671232405119188,0.3076923028840042,10,0.4117647058823529,7.798319327731093,1.4318287575616566,0.9558193225060848
0.5094339622641509,0.5437278011487978,0.4038899505034951,0.31926418620874336,0.2506560477021886,0.4565199438606539,0.487179482311345,0.23026315308950843,0.46153845667031923,1,1.0714285714285714,4.333333333333334,0.7450980392156863,0.9573661257853147
0.5964912280701754,0.694980694980695,0.5318279613892064,0.42299547784970826,0.3296529573725089,0.6397275365429572,0.652329744104007,0.42074927453927863,0.637992826541283,7,1.5,3.8095238095238084,0.7640117994100296,0.9633737151620292
0.3888888888888889,0.4351851851851852,0.2779853845166072,0.17522090260277515,0.11808009616781212,0.40129449838187703,0.3529411714716696,0.15277777278163596,0.3529411714716696,2,1.2222222222222223,0.2929292929292924,0.9710289710289711,0.9746696157916654
0.4215686274509804,0.3852813852813853,0.27759012420523366,0.2194577651692748,0.17462023189774237,0.6019865503022533,0.4399999953645,0.23430961880079137,0.4399999953645,4,1.4,4.800000000000001,1.4102564102564104,0.9266457547948574
0.27972027972027974,0.24744515725771948,0.1346199791097057,0.08907795434980753,0.062089776200808765,0.191792032146629,0.21940927798963852,0.06666666195466699,0.21940927798963852,16,0.1111111111111111,65.83333333333333,5.817073170731708,0.9239434996788588
0.35294117647058826,0.40923603620844284,0.24860582502067424,0.1600790348672632,0.10523360001338766,0.3168357089146461,0.3755101991336943,0.12203389334696947,0.35918366852144945,4,1.4444444444444444,6.9059829059829045,0.6779593463531288,0.927706880190997
0.46808510638297873,0.5934342907420181,0.45615130781195407,0.36604112771008135,0.2881190411512712,0.5229300735768629,0.5365853608680548,0.33333332833888896,0.507317068185128,5,1.5555555555555556,6.365079365079364,0.6304147465437788,0.9796090727602931
0.3181818181818182,0.38586984749770215,0.19810835928721846,0.08957804321168515,0.027619983054886336,0.3012820744979447,0.35971222523678903,0.05988023456129698,0.35971222523678903,4,0.6363636363636364,3.220779220779221,1.3028083028083028,0.955122846170194
0.6229508196721312,0.44155844155844154,0.4331168290313684,0.4281936399625897,0.41582282147539557,0.7148153378998658,0.7518796944858387,0.6823529365425606,0.7518796944858387,10,1.7692307692307692,1.3110367892976589,1.2434782608695651,0.9894709584613709
0.3490566037735849,0.5748520454317665,0.4605229131773675,0.37872999277558295,0.30846423384989957,0.4725690170564445,0.4848484798530762,0.3097643047711685,0.46753246253705893,8,1.4444444444444444,3.615384615384615,0.68561872909699,0.9475684500165104
0.5533980582524272,0.55,0.4009122018688206,0.3100082121405895,0.22967649700410656,0.46755359196713836,0.4862745048445982,0.266666661715092,0.47843136758969623,2,0.875,2.0267857142857135,1.1480756686236138,0.9394049421243058
0.19811320754716982,0.2077899406948927,0.09980573088131904,0.0506762952416744,0.016470302006043862,0.1794893348947403,0.21276595280047544,0.056603768762905356,0.18085105918345418,13,0.07142857142857142,96.85714285714286,9.692307692307693,0.9053977216268065
0.5520833333333334,0.6637747633326122,0.57362151803126,0.5098743747297382,0.44655555190790064,0.6451655104270473,0.4666666617120182,0.2923076873434912,0.4666666617120182,2,0.8333333333333334,3.616666666666667,1.1846808510638298,0.9633850847381409
0.3939393939393939,0.3125,0.21176177494381337,0.15949666329019796,0.11479576656089302,0.39561236410856065,0.3434343385343333,0.17094016607202878,0.3434343385343333,2,1.2,4.966666666666669,1.3625304136253042,0.9539384673738044
0.25,0.32546094143175003,0.18112588792626677,0.0950067914610821,0.053870832399584054,0.204104101191169,0.28799999515488006,0.10198299799211959,0.27999999515488005,10,1.5555555555555556,6.765873015873016,0.5756595321055251,0.8662532170964214
0.3924050632911392,0.5032679738562091,0.4068767326975028,0.33104160946216843,0.2647321546417294,0.5879093158740594,0.4844720447590757,0.3141361207039281,0.4844720447590757,5,1.5,0.9000000000000004,0.9189189189189189,0.9640178113576663
0.5774647887323944,0.4449760765550239,0.3170922244977832,0.2392557144367823,0.16267563745744174,0.6030376473141648,0.522292988647004,0.2659574418362382,0.5095541351438193,1,1.0666666666666667,5.0625,1.6328125,0.869844696139431
0.40625,0.5180722891566265,0.3362052260120437,0.2305200036144522,0.13768895323004876,0.4734548453329467,0.4455445494574061,0.1735537140137287,0.4356435593583962,2,0.8181818181818182,4.444444444444443,1.3174603174603174,0.9188690851021492
0.4634146341463415,0.5623471755524809,0.4165000622606861,0.3269260953870547,0.25817049338497783,0.5297496639226338,0.45901638847621606,0.3047618998167801,0.45901638847621606,1,0.9166666666666666,0.06060606060606055,1.0051948051948052,0.9654527549439931
0.29,0.2826086956521739,0.1825395187530311,0.13817364022317632,0.10228230460591844,0.44093686547381544,0.3711340157381231,0.16964285230229606,0.36082473738760773,11,2.2222222222222223,1.166666666666666,0.9078947368421053,0.8875916472498055
0.5233644859813084,0.5524333413839002,0.40090689901034965,0.28467561056013574,0.19433944121350583,0.46149336238720867,0.47843136758969623,0.26174496147020415,0.47843136758969623,13,0.2777777777777778,26.444444444444443,3.505263157894737,0.9685821758976709
0.5873015873015873,0.35867659041902755,0.2818760268708523,0.22348755874278278,0.17316873182547596,0.36043003351522485,0.5063291090394167,0.21978021497584843,0.5063291090394167,4,0.6666666666666666,1.125,0.9307692307692308,0.982200607960788
0.3113207547169811,0.3910891089108911,0.24952543500048582,0.17382629670656455,0.12251161520742357,0.34109173503883455,0.3880596964956314,0.1847389508298255,0.3781094477394124,5,1.3571428571428572,2.43984962406015,0.8133448375035951,0.8516449388046975
0.41379310344827586,0.5405405405405406,0.39763966222503994,0.30787041841287127,0.23970119598257253,0.5541093641916687,0.5540540490686633,0.29473683711024934,0.5405405355551498,6,1.5454545454545454,2.930481283422461,0.7481617647058822,0.9588563061201824
0.5287356321839081,0.4583333333333333,0.32860963648943303,0.2456634288583103,0.1832500547819498,0.45260497156446217,0.41441440944038643,0.21804510778449895,0.4054054004313773,0,1.0,2.18181818181818,1.1428571428571428,0.9738448295860859
0.7432432432432432,0.6835443037974683,0.5598861910821199,0.4653496890983854,0.3805075767716891,0.7467286844254499,0.6489361652133318,0.41379309845422124,0.6276595694686511,4,1.4,2.5142857142857142,0.8178053830227744,0.9820994275096644
0.5974025974025974,0.65625,0.528238045838111,0.43403538053093965,0.3553491873987059,0.6097378439359114,0.6010928911762073,0.3813953438373175,0.5683060059303054,2,0.7777777777777778,4.063492063492063,1.2857142857142858,0.9902241836349169
0.22941176470588234,0.2955665024630542,0.1479655872061584,0.07766402987874213,0.042384939599967565,0.26344889912300173,0.28070174938870085,0.07356321339844134,0.2690058429559523,4,0.7647058823529411,15.642533936651583,2.0034833091436863,0.9142331609293795
0.7058823529411765,0.727810650887574,0.627877989127481,0.549441469747571,0.4775432707643579,0.7522716964114611,0.6392694013953004,0.49816849316910194,0.6392694013953004,5,1.5555555555555556,5.484126984126986,0.6876130198915008,0.9959971492535048
0.3064516129032258,0.46601941747572817,0.24371013856436788,0.14607322638996964,0.08757022283993031,0.3339062575168965,0.3206106820301848,0.07792207292207824,0.2900763308851466,0,1.0,0.7000000000000011,1.0729166666666667,0.9442553653827408
0.273972602739726,0.22992668017170803,0.11962087831439218,0.06404750281671293,0.01938222980371131,0.17287413193336537,0.24489795435235326,0.030769226059698295,0.24489795435235326,16,0.058823529411764705,104.29411764705883,11.745454545454546,0.9196085385540431
0.4845360824742268,0.3413333333333333,0.24168157185579556,0.17594884487465026,0.12210046169594109,0.4105531654601902,0.40485829461358164,0.2126436731980778,0.39676112862167884,6,1.6,1.9375,1.0901162790697674,0.9054263495887734
0.4649122807017544,0.5950200747647649,0.41797850846096823,0.30639140601437165,0.2209028065665458,0.5457568449776675,0.511999995,0.27177699848923753,0.511999995,1,0.9375,0.27500000000000036,1.0247191011235954,0.9951396025784609
0.5039370078740157,0.5924046021734186,0.48230935217283327,0.40463968878823436,0.3409012113219226,0.5647838931296458,0.5454545404709271,0.3333333283541451,0.5387205337369203,2,1.1818181818181819,5.6013986013986035,0.7443345036706032,0.996645412777025
0.38392857142857145,0.4433497536945813,0.3107591245289953,0.21591606987321496,0.14001850200980462,0.46086239849827376,0.44166666166805557,0.17182130084906902,0.4333333283347222,16,2.6,8.892307692307693,0.46752648549055736,0.9590752249783138
0.6931818181818182,0.6503161154883543,0.520681572352903,0.43414469129577177,0.3562017102456539,0.6003523070309981,0.5967741885877342,0.3778501579051237,0.5806451563296697,3,0.7272727272727273,4.568181818181817,1.2381516587677723,0.9884393209539601
0.3968253968253968,0.47602331801397313,0.3048094615458111,0.21181021767752714,0.13574198685768885,0.3802053197614723,0.4487179437845168,0.17215189382419496,0.4294871745537475,1,0.9375,1.033333333333335,0.944144144144144,0.9225817168141596
0.36283185840707965,0.3470225872689938,0.21708644406554697,0.15179967931122426,0.10528280154979087,0.36023101238461036,0.23443222945162295,0.08474575774777392,0.23443222945162295,1,1.0833333333333333,14.96153846153846,1.6649572649572648,0.9292180479397277
0.6708860759493671,0.6803184714285276,0.540169384204924,0.44239899584868153,0.36409984286456953,0.6099313853696242,0.6451612853318304,0.4266666616888889,0.6236559089877444,2,0.9047619047619048,0.3132832080200503,1.0419041233657391,0.9848838904947336
0.38823529411764707,0.3664921465968586,0.23239915871656813,0.14932825660221283,0.09043270708438712,0.3344026441139302,0.3756906027386222,0.11214952772119859,0.35359115522481,3,1.3,1.2923076923076913,1.0964408725602754,0.9131876270803411
0.49107142857142855,0.43722943722943725,0.30830160177750177,0.2184982767454687,0.14081818616433991,0.45371328885821643,0.467924523310502,0.2443729853723598,0.4226415044425775,10,1.9090909090909092,6.181818181818183,0.6402116402116401,0.8807751166212311
0.5764705882352941,0.6382978723404256,0.538642178554906,0.46747496319402637,0.4032487449038569,0.6496916953334178,0.5966386504625381,0.37894736342160673,0.5966386504625381,0,1.0,0.8181818181818166,1.0502793296089385,0.977743815367018
0.36507936507936506,0.3480458111427655,0.2125095494819428,0.13705416151979874,0.08678769266811887,0.267579286768197,0.3676470538332613,0.10465115779340207,0.3676470538332613,15,0.16666666666666666,31.055555555555557,5.2671755725190845,0.9606381276705245
0.6206896551724138,0.47337278106508873,0.3398904237263603,0.2512966748883546,0.1821227948116119,0.48113317920018206,0.4736842055297784,0.21276595244737448,0.4736842055297784,1,0.9,4.877777777777778,1.3509192645883294,0.8361926493755198
0.3877551020408163,0.48031687949726254,0.3219337333058745,0.23662063474636924,0.1736506886739731,0.3952211370361575,0.4563106746912999,0.2066115653585822,0.4368931989631445,1,0.9333333333333333,1.8476190476190464,0.8340461933276305,0.9783925186719727
0.6236559139784946,0.7105263157894737,0.5848976518656018,0.4918583182625146,0.40915531481278394,0.6606130710550753,0.6564885446186121,0.43450478733272774,0.6564885446186121,1,0.9090909090909091,1.90909090909091,1.1117021276595744,0.9972882714184165
0.39473684210526316,0.3286384976525822,0.18042675368890848,0.10968951158061616,0.05855379201387702,0.3117319223929232,0.3351955257264131,0.08612439691399035,0.3351955257264131,1,0.9090909090909091,8.481818181818182,1.6617021276595745,0.8659278710890693
0.6517857142857143,0.662379421221865,0.573631417201446,0.5043505484751155,0.4401559979086934,0.7219402873130346,0.6903225756503643,0.4999999950099256,0.6838709627471385,8,1.4444444444444444,2.7606837606837598,0.8124818577648767,0.9829958881285674
0.45,0.3552631578947369,0.24063734062049524,0.14404672673226673,0.07074804454296876,0.4450924780373979,0.3666666619791667,0.11764705394048464,0.3666666619791667,1,1.1,8.627272727272727,1.7129977460555972,0.8180065086596813
0.6,0.5384615384615384,0.4255806399718872,0.3273408038709118,0.24718069792449474,0.6422347422142951,0.561904756993651,0.2954545405030418,0.561904756993651,5,1.3333333333333333,0.9833333333333343,1.0976821192052981,0.9184123438093003
0.3157894736842105,0.37554585152838427,0.2108851228736013,0.14275917887276263,0.0992644871393452,0.36143001383643086,0.31111110611595066,0.130909085910744,0.284444439449284,7,1.4666666666666666,0.9909090909090921,0.913078149920255,0.8442377241849744
0.6195652173913043,0.5585284280936454,0.44991076756640713,0.3663836968584451,0.2934371671961993,0.7246321467989622,0.622377617379823,0.4248704613224517,0.594405589407795,12,1.9230769230769231,5.116923076923076,0.7003603603603604,0.908310540356308
0.4375,0.5007076525112629,0.3887842940442943,0.30354446820658404,0.2331409034167351,0.49917196007259523,0.49999999501632664,0.28742514472229197,0.49999999501632664,1,0.9,0.7555555555555546,0.9325396825396827,0.9851436403614344
0.32323232323232326,0.4,0.28985904305400345,0.2243441922551668,0.16526340358882285,0.3722399161375184,0.4285714235718272,0.1897810169020727,0.4285714235718272,4,1.3333333333333333,1.333333333333334,0.9116022099447514,0.8074867084528825
0.6363636363636364,0.577639751552795,0.4415352943413112,0.3504323346326508,0.2695233448958558,0.4536757347259433,0.5421686697053274,0.31279620353990256,0.5180722841631586,2,0.8571428571428571,3.1309523809523796,1.304398148148148,0.9876422705221314
0.5232558139534884,0.6111111111111112,0.5005173307126191,0.40408776170346206,0.3200881410941522,0.5470300373792807,0.5533980532524272,0.36440677466101695,0.5533980532524272,5,0.7368421052631579,3.518796992481203,1.4369747899159664,0.9720339760868921
0.2911392405063291,0.32460732984293195,0.2410137494948728,0.17309112457511952,0.12027309549264659,0.3348741148701809,0.32432431968955444,0.10465115821322357,0.32432431968955444,3,1.375,2.3636363636363633,1.1575757575757575,0.950169501037526
0.33035714285714285,0.375,0.22176638128637188,0.15086810024306127,0.1058230283741691,0.307730357740799,0.3391304297860114,0.12781954387472463,0.3304347776120984,6,1.4285714285714286,2.8000000000000007,0.7666666666666666,0.9000416788893648
0.5074626865671642,0.5345911949685535,0.4391569751441611,0.3759710789127526,0.3232173292826557,0.5852864583333334,0.49999999501953135,0.3383084527660207,0.49999999501953135,2,0.8,6.975,1.5406976744186045,0.9810028898570716
0.40540540540540543,0.43790849673202614,0.3078319787833687,0.21859401888576377,0.1490692695290906,0.4562742261835479,0.47321428072863525,0.19999999500555568,0.4642857093000638,2,0.875,6.607142857142858,1.4332552693208431,0.8758488476847099
0.671875,0.7379310344827587,0.5726860821244077,0.47263318566730544,0.3842692750061834,0.8211691164392577,0.6666666616675557,0.4469273693018321,0.6533333283342223,1,0.9333333333333333,2.09047619047619,1.2528801843317972,0.9675204580294251
0.3333333333333333,0.33090909090909093,0.17024904666354926,0.10437157112000009,0.0664663695155915,0.26551374659613414,0.27177699852225967,0.0782122855716117,0.27177699852225967,1,1.0769230769230769,0.719780219780219,1.0380371660859464,0.7835092777740168
0.2736842105263158,0.2962155606610378,0.13567520222511226,0.07914853136182824,0.04128125902018549,0.24089767733835532,0.2590673525517464,0.05957446309606198,0.24870465825122828,6,0.45454545454545453,14.163636363636364,1.9677018633540373,0.9608733758471202
0.5365853658536586,0.6258663265386928,0.4903579869974592,0.4064211883882615,0.3335945194085984,0.5803096556164928,0.5586206846789536,0.36559139286391495,0.5586206846789536,1,1.0714285714285714,1.4952380952380935,0.908985507246377,0.9790576508235577
0.552,0.488763984014532,0.35063351022560585,0.2732767615644673,0.20902237960332692,0.4630353710290394,0.4832214715542093,0.26519336523305154,0.4765100621582361,9,1.8181818181818181,12.045454545454547,0.4657258064516129,0.9694731619828854
0.3409090909090909,0.32527082878028263,0.18867894755735015,0.12735763296621713,0.07776148954822719,0.3117364452478915,0.39548022116250126,0.1456310632326328,0.36158191607775547,5,0.5,5.999999999999998,1.3896103896103895,0.9633939265327274
0.2967032967032967,0.3107569721115538,0.23912189960044625,0.1913085267063125,0.14617013527752531,0.46334916665086046,0.3478260824196598,0.15573770040311757,0.3260869519848772,14,2.5555555555555554,1.753623188405797,0.8615560640732266,0.8747943508010367
0.6133333333333333,0.4484848484848485,0.3363682416558642,0.24528906873210765,0.14768834672056744,0.6300762774493244,0.3437499950542535,0.16521738635879035,0.33333332838758684,10,2.0,4.5,0.7857142857142857,0.9435752104182517
0.27884615384615385,0.3287893156407122,0.14915465041442016,0.06890109062856672,0.021380131008424494,0.2451182916161191,0.2994011926695113,0.04060913213636072,0.2754490968611282,2,0.7777777777777778,0.9206349206349209,1.0567514677103718,0.9483288259827133
0.4016393442622951,0.5571172661538888,0.3687103002961602,0.2572388086752668,0.18550568667661038,0.4549157603937667,0.4497991917911002,0.22822822323043776,0.4497991917911002,1,1.0833333333333333,1.5,0.9142857142857143,0.9714801598258128
0.26119402985074625,0.37495408451319323,0.22775871844437937,0.13646697443389114,0.07813203135040668,0.2591891862213555,0.2978723354680348,0.09065155319503432,0.276595739723354,12,1.9230769230769231,10.843076923076923,0.45575289575289574,0.902659889725278
0.5466666666666666,0.6823529411764706,0.5502902439559585,0.4578462244645441,0.3770213372979997,0.6288003014800374,0.581005581592335,0.3410138198899956,0.569832397234793,4,1.3636363636363635,3.5757575757575744,0.7601626016260163,0.9805846137767319
0.6282051282051282,0.5356037151702786,0.41190203769394446,0.3353030778230518,0.27745740885395376,0.48608802482031777,0.5312499950012207,0.276073614634913,0.5234374950012208,1,1.0769230769230769,3.456043956043956,1.1761904761904762,0.9312655337998016
0.6057692307692307,0.6170125962948116,0.5003468176766165,0.4199032342270121,0.3458235373303893,0.5521554867306084,0.628099168570453,0.41216215719503285,0.628099168570453,5,1.3333333333333333,4.316666666666666,0.7056818181818182,0.970286170503844
0.44660194174757284,0.5714285714285714,0.4402145157486022,0.3271542487885356,0.21351903791280655,0.5466179019539036,0.546218482407669,0.25342465254574037,0.546218482407669,6,1.3529411764705883,2.780051150895142,0.7832070203430394,0.9406342666536515
0.5833333333333334,0.6533333333333333,0.5086280181528656,0.42892089340589196,0.3539556590526919,0.6140085531372238,0.5444444394500001,0.30046947857083034,0.5222222172277778,0,1.0,0.384615384615385,1.0344827586206897,0.9910221551237552
0.3893805309734513,0.3602436218562902,0.2812229339100506,0.2271621269859655,0.18349207971526896,0.26883707414829655,0.39830507990412245,0.23384614903403558,0.39830507990412245,8,0.5,6.6875,1.416342412451362,0.9288337245939458
0.36428571428571427,0.45195729537366547,0.31634831793659285,0.2444056170062812,0.18444573857661767,0.48211727842435104,0.46153845654174885,0.22807017044013556,0.4542124492157415,4,1.2666666666666666,0.3228070175438589,1.0223138491389765,0.896916373664229
0.2638888888888889,0.19505460758027013,0.10954218676001057,0.05733651022854157,0.026913693048340927,0.16159845251214783,0.2580645115715369,0.0453257746438865,0.2150537588833649,11,0.3125,14.512500000000003,1.8204946996466433,0.9341246324020699
0.41911764705882354,0.3438596491228071,0.2144979945625635,0.14028440884750043,0.08240911094278534,0.3179490624130349,0.29965156296616446,0.09356724647036722,0.2857142807361993,1,1.0769230769230769,2.5879120879120876,1.1456400742115027,0.9308541174542843
0.6904761904761905,0.624400127218041,0.48774224037115904,0.3918304162079686,0.31661671701877525,0.5742699442734395,0.566137561154503,0.3550561747995455,0.566137561154503,2,1.1428571428571428,4.875,0.7621951219512195,0.9946144067955112
0.581081081081081,0.6728395061728395,0.5672678444086653,0.4835710388451238,0.4058556820284376,0.7111003004762619,0.6595744630873699,0.44537814626085737,0.6489361652150294,2,1.1666666666666667,0.5952380952380949,0.9510763209393347,0.9498359314130079
0.34523809523809523,0.3727292232016563,0.19087280441262083,0.10562038551012726,0.06412811906557855,0.3072078575559606,0.39751552295976245,0.11167512193254166,0.37267080246286804,6,0.5384615384615384,6.483516483516485,1.6337271750805589,0.9137201934326098
0.4857142857142857,0.6608187134502924,0.5216338018048816,0.4296040578666965,0.342747652822734,0.6989442082337444,0.49710982159778144,0.2803738267774479,0.4508670470313074,3,0.7272727272727273,8.102272727272727,1.610445205479452,0.9863077166076456
0.3246753246753247,0.35357664061470073,0.17861088982738918,0.10298196717211747,0.05755209745320262,0.24942417074791895,0.28421052132465374,0.07627118150136487,0.28421052132465374,0,1.0,1.083333333333334,0.9312169312169312,0.8149479002705777
0.6259541984732825,0.6488312390864446,0.5418249522514328,0.4685959916469603,0.3979451529847799,0.5828016202774282,0.6974063350596718,0.4801762064616042,0.6916426462988647,12,1.631578947368421,6.662139219015279,0.58902387934646,0.9671498119373683
0.5128205128205128,0.48717948717948717,0.3359157134101308,0.2405091690457455,0.16212552654440526,0.519570496744897,0.5374449289324458,0.25850339636262676,0.5374449289324458,2,1.0952380952380953,2.5362318840579707,1.2717391304347825,0.8291924629126671
0.37254901960784315,0.3478260869565218,0.1909277062817521,0.11098766294782966,0.06890199490364224,0.3154720711814138,0.3157894686934824,0.10156249501495386,0.30622009070305173,4,1.3636363636363635,0.9393939393939394,0.9422718808193669,0.8070013750552979
0.6111111111111112,0.5535714285714286,0.5052123523411555,0.45545666046689914,0.40046654658452613,0.7675165302988634,0.6582278431301075,0.5299999950320001,0.6582278431301075,11,2.1,3.5999999999999996,0.6896551724137931,0.8830701745228642
0.3082706766917293,0.3578595317725753,0.23757300533406533,0.16406499773449965,0.11164527485119273,0.374786677221709,0.41353382960455654,0.17210681995333246,0.41353382960455654,19,2.1176470588235294,2.753267973856209,0.7510342789598109,0.8685674900562683
0.5432098765432098,0.6587301587301587,0.5029437154914861,0.3695245938249558,0.23754905163683995,0.5920645043731778,0.6272189299128182,0.35121950720095185,0.6153846103861911,4,0.7142857142857143,3.5999999999999996,1.4,0.9892479270106881
0.4954954954954955,0.3843137254901961,0.26949251537040314,0.2059313158810126,0.15615673294501836,0.4191081741095737,0.4502164452165439,0.24822694535486153,0.4415584365585353,5,1.4545454545454546,0.6647727272727266,1.0435267857142856,0.8144385426868446
0.3978494623655914,0.4826607282126977,0.2923441826479274,0.1836777520279915,0.12426436106894048,0.40245505863141734,0.45045044549103164,0.11152415858045102,0.4234234184640046,3,0.75,4.222222222222223,1.287878787878788,0.9763983129931902
0.3185840707964602,0.3319672131147541,0.19557956467948936,0.13299541671972892,0.08953857005570184,0.3440300341099613,0.3292181019966469,0.10847457127584052,0.3292181019966469,4,1.3636363636363635,0.9030303030303024,1.0587771203155818,0.8668618456285356
0.6714285714285714,0.7226277372262774,0.6098694508677741,0.5198838163386518,0.43553023562684107,0.7117536626238639,0.7052023071589429,0.4851485098558965,0.6705202262340875,1,1.1,1.045454545454545,0.9225589225589226,0.9803142603489938
0.4158415841584158,0.32903225806451614,0.2089449733281721,0.14432422508919007,0.09802823646677263,0.40500904120493375,0.3949579782158746,0.1448275812185495,0.3949579782158746,4,0.8,10.175,2.1059782608695654,0.8063152894502139
0.391304347826087,0.45808465151951183,0.3792401449196435,0.3217800694045338,0.26914058737400925,0.46186062378251397,0.5846153796911243,0.4078947319286704,0.5538461489218935,2,0.7777777777777778,1.6031746031746028,0.8845714285714286,0.9248968232838699
0.6122448979591837,0.5615491009681881,0.4400732219058703,0.3706787642755882,0.3125386176735948,0.5802369945815513,0.5980392106939638,0.3565640144615684,0.5980392106939638,5,1.263157894736842,1.125,1.0387931034482758,0.904682699045671
0.2727272727272727,0.2822308298692346,0.1635667946868671,0.09669726109519973,0.02598031608889134,0.22370068135310947,0.25396824920354977,0.0683760636423409,0.25396824920354977,8,0.2727272727272727,27.545454545454547,2.674033149171271,0.9177629669058234
0.192,0.15718493626853242,0.046207254937972835,0.022067536622827975,0.008184410908848954,0.12000528006199815,0.25352112188057935,0.030534346390071253,0.22535210779607232,8,0.2727272727272727,23.181818181818183,2.3010204081632657,0.8876490690837917
0.5454545454545454,0.6797752808988764,0.5366939288479382,0.4289362229190626,0.33307315774513524,0.624311356560969,0.6461538411571335,0.40799999500128004,0.6358974309007234,1,0.9333333333333333,1.447619047619046,1.1284868977176667,0.9825520233071287
0.6582278481012658,0.7881773399014779,0.7149438513129309,0.6548103311352215,0.5959316164692813,0.7721148957803763,0.7636363586429753,0.6185566960409065,0.7454545404611571,4,1.2666666666666666,2.382456140350877,0.8176691729323309,0.9613891795789963
0.6818181818181818,0.6931818181818182,0.5768251665169202,0.47558440779251593,0.3898610370794668,0.6637976172323479,0.6111111061135802,0.42241378810381985,0.5999999950024693,2,0.9,1.0777777777777793,1.123882503192848,0.9827757022956058
0.5316455696202531,0.5,0.33859958878986024,0.2354561659934363,0.15935432906409355,0.40809379618032776,0.44791666168023003,0.22222221722806645,0.43749999501356335,1,0.9166666666666666,2.1969696969696972,1.1805728518057286,0.9462508752203782
0.6515151515151515,0.6484848484848484,0.47889685999485754,0.35570270067145343,0.25209171814588105,0.7084384189185007,0.6249999950007814,0.3399999950000001,0.5999999950007813,1,1.0909090909090908,1.9318181818181817,1.1634615384615385,0.9375962022756151
0.5462184873949579,0.6023195208340686,0.42814752932513284,0.3235200155836392,0.23403114974756434,0.5010618338818466,0.5051903064216187,0.29081632153529785,0.5051903064216187,4,1.25,3.3249999999999993,0.7905511811023622,0.9856237185358819
0.3037037037037037,0.26857004967043785,0.15948241575233185,0.10049895374631972,0.06936935863649389,0.22219203132274654,0.28571428090815587,0.06593406122630151,0.27027026546414046,10,0.5,2.599999999999998,1.1477272727272725,0.9800179553796896
0.527027027027027,0.49586776859504134,0.36363636363636365,0.27996169428136686,0.2106264860979802,0.4041014168530947,0.43421052131925214,0.2386363586421747,0.43421052131925214,4,1.3333333333333333,2.354166666666666,0.7626050420168068,0.9712835132312985
0.4036697247706422,0.36134453781512604,0.2500221597809276,0.18027571134122322,0.13244481061869692,0.5223838049821425,0.45299144812331077,0.21908126721122761,0.4188034139352765,6,1.6,1.375,1.1018518518518519,0.9338360752947501
0.22727272727272727,0.14179833974841433,0.05512589205286364,0.022886139401757738,0.007936071116578161,0.11066709704612084,0.16593886008275982,0.021582729360541265,0.16593886008275982,13,0.2777777777777778,13.655555555555557,2.0549356223175965,0.8810492205517216
0.5964912280701754,0.6027397260273972,0.4325010478060489,0.3269136922246784,0.25172393779091073,0.5660358935109204,0.5341614856880522,0.23280422780773224,0.521739125439605,1,0.9230769230769231,2.4743589743589745,1.2552910052910053,0.9240700514846584
0.550561797752809,0.5114155251141552,0.39348725925968475,0.3142641194795619,0.24965415396664786,0.691794745777857,0.5340909040909091,0.36190475690521545,0.5227272677272727,3,0.8333333333333334,6.766666666666667,1.8638297872340426,0.8424451911748955
0.3717948717948718,0.4,0.24848534452348092,0.17411731424793317,0.114233488544197,0.3317708578479554,0.39520957583993693,0.1477832462462085,0.3832335279357453,3,0.7,7.928571428571427,1.5873015873015872,0.9079270096372981
0.43529411764705883,0.4091170379859973,0.3054148550504661,0.2387666633747202,0.1850810138351288,0.36033166611821227,0.45901638862551886,0.19913419446037378,0.4262295033796172,2,0.875,2.7321428571428577,0.7699248120300751,0.9760323051306198
0.35294117647058826,0.3451327433628318,0.21451736320177966,0.14835202762688862,0.09917228720525337,0.32365087869389064,0.3613445328324271,0.11846689397224705,0.3445378101433515,7,1.7,4.105882352941174,0.7640297498309669,0.9076603850454665
0.3010752688172043,0.27149958889746156,0.1466402262612743,0.07507665989377096,0.022285556059682934,0.23134571469326964,0.2747252698997706,0.0591132957606352,0.25274724792174863,0,1.0,4.899999999999999,0.6776315789473685,0.9821800351176639
0.39285714285714285,0.34944237918215615,0.18054704889309905,0.09715905835731546,0.05987375286198898,0.32057396937002947,0.3593749950012208,0.08888888389135831,0.3437499950012207,4,1.3076923076923077,1.9773755656108598,1.1428104575163398,0.8130548075430802
0.5862068965517241,0.6802973977695167,0.5722382224692178,0.48322794491068916,0.4004965291998065,0.702806362735997,0.6571428521431124,0.4327485330132348,0.6571428521431124,6,1.4615384615384615,4.457489878542512,0.7605480643758155,0.9704807044072484
0.43209876543209874,0.6232876712328768,0.4862298443145234,0.3742873940901552,0.2829141851642001,0.5896798999861632,0.49180327369584037,0.29864252894494386,0.49180327369584037,2,0.8181818181818182,3.5858585858585847,1.283772981614708,0.9778979272299926
0.5757575757575758,0.6195121951219512,0.4866952947168994,0.38893831762529196,0.30099913076989665,0.6259704809719276,0.616033750281472,0.3460207562529185,0.565400838889067,12,1.9230769230769231,5.953846153846154,0.5793478260869565,0.9307599165007878
0.5873015873015873,0.624,0.4965688725255444,0.38658048667093287,0.26044319740311545,0.6462388165258406,0.5637583842619703,0.3878787828789716,0.5637583842619703,2,1.125,0.13194444444444464,1.019367991845056,0.9591576490209724
